25 25
42 338 587 812 188 590 554 802 334 424 56 710 485 108 661 423 789 15 578 601 950 811 458 213 338
596 45 21 67 965 536 310 57 421 120 371 527 466 187 164 857 441 594 794 981 478 107 131 395 642
662 168 712 183 727 909 422 685 48 765 291 64 570 308 91 310 74 913 580 179 975 983 720 161 40
979 122 306 494 545 127 120 777 992 74 583 635 934 717 228 336 564 882 67 35 965 747 417 789 730
13 748 177 597 257 608 130 205 526 233 52 917 91 621 555 690 847 273 896 8 526 954 413 476 639
161 700 30 242 67 854 776 424 237 749 969 325 319 656 552 549 590 265 701 949 75 67 331 12 217
111 101 525 455 321 851 733 39 452 22 880 824 521 351 275 184 302 0 870 390 105 937 35 361 984
272 981 22 618 981 229 265 638 700 430 137 304 163 33 665 258 244 353 765 923 612 471 280 559 632
63 360 32 676 85 177 443 726 551 675 297 259 852 599 294 782 576 173 605 84 373 272 308 95 989
230 870 881 817 301 2 103 11 668 252 465 183 669 192 224 466 378 500 363 139 122 913 14 221 667
665 133 817 287 396 86 316 822 354 188 748 263 24 151 355 48 63 588 167 383 354 311 373 382 524
296 518 444 478 772 856 367 103 567 843 234 470 928 891 490 703 991 48 714 831 133 57 401 392 323
269 648 77 210 215 813 685 400 261 428 930 692 897 281 685 547 348 543 448 129 888 7 815 648 429
880 495 337 99 616 440 116 489 281 853 741 42 649 566 364 870 472 609 119 805 768 583 34 516 530
998 573 994 12 475 558 774 666 954 4 43 309 740 351 732 832 845 548 991 841 722 180 15 847 880
948 433 347 216 647 204 609 643 970 24 480 224 232 858 363 463 630 899 162 778 336 584 646 124 449
117 647 560 199 120 765 760 809 356 393 843 118 90 667 645 835 673 19 430 797 288 426 16 669 319
70 465 498 138 766 945 867 676 937 997 510 941 957 727 644 724 807 694 770 513 50 980 829 165 174
569 16 717 364 417 328 802 665 105 865 749 293 549 879 402 26 688 712 579 257 173 646 38 407 966
866 865 221 254 497 865 553 711 729 205 45 64 875 631 369 159 536 690 884 142 231 234 259 822 196
91 456 983 722 343 584 915 811 504 29 252 851 346 200 997 996 973 454 241 52 740 175 956 547 857
448 877 356 813 820 666 101 260 255 852 762 58 452 273 649 615 324 397 430 33 390 69 340 488 651
38 525 1 802 565 944 569 839 431 584 222 28 739 876 24 46 793 752 96 670 817 176 588 883 374
561 272 607 557 72 817 168 247 251 74 202 157 958 918 372 672 239 110 813 700 695 636 769 290 513
236 919 84 362 687 735 358 22 15 256 410 921 809 420 506 742 427 977 719 980 805 829 859 276 533
