25 25
80 83 493 879 933 39 426 510 30 18 25 402 685 187 254 369 444 717 922 920 217 201 948 836 279
111 158 440 671 726 607 419 598 458 310 448 277 3 392 323 49 436 935 636 497 447 176 806 782 143
310 6 895 579 51 323 195 47 173 69 892 244 391 170 701 685 436 313 706 581 780 405 632 693 688
802 499 371 248 174 289 950 318 75 441 238 288 60 358 545 478 303 711 929 49 338 920 81 763 667
90 788 970 538 865 326 159 119 375 259 838 674 106 753 178 848 151 691 942 604 448 458 345 282 679
904 96 291 332 457 868 324 551 75 85 596 493 880 700 526 315 251 376 790 742 751 948 314 955 619
632 899 406 909 830 825 743 955 562 854 947 608 949 829 415 343 377 377 353 976 718 176 536 325 722
597 644 969 618 269 196 350 658 814 193 203 899 242 261 283 380 701 900 385 266 801 650 411 886 470
440 576 839 703 456 189 340 949 715 714 490 522 679 463 970 481 212 240 80 227 374 242 244 208 695
9 624 70 716 53 888 768 402 690 22 52 161 596 320 951 439 766 402 856 550 948 869 739 801 287
756 34 389 141 628 738 162 576 525 553 126 211 302 688 111 394 54 421 149 446 100 256 140 591 716
11 243 477 27 46 672 694 881 620 817 189 452 692 535 60 275 842 804 234 219 25 78 628 540 873
819 853 995 852 187 437 334 205 246 643 147 387 436 458 908 90 731 957 716 969 330 474 249 253 792
528 828 962 365 347 221 304 321 726 655 134 708 929 657 364 676 814 831 119 238 789 943 494 634 365
481 579 24 244 654 972 675 952 205 42 119 57 44 309 664 355 683 43 136 111 307 201 166 732 911
359 842 682 978 326 794 865 490 994 506 731 586 380 493 143 210 409 978 283 484 746 894 343 316 202
537 891 233 674 48 362 143 865 952 540 126 265 417 209 565 228 758 382 404 180 80 540 597 64 216
358 646 592 913 172 762 936 59 535 921 217 430 800 868 872 434 710 684 10 557 949 571 524 772 525
859 198 850 121 268 783 115 465 734 413 179 775 533 258 49 351 80 994 743 112 87 96 396 210 611
719 434 658 873 786 125 638 305 923 618 57 24 903 502 358 417 30 886 741 896 718 850 430 624 847
99 691 19 859 97 265 333 551 190 944 57 396 541 845 97 804 882 663 581 914 774 806 779 207 325
867 877 335 874 246 490 773 635 805 3 728 327 238 451 335 137 192 799 590 675 619 837 451 264 501
435 82 353 401 108 427 622 68 220 756 514 657 299 567 848 530 548 437 408 206 542 617 229 328 663
448 834 405 805 660 811 319 174 962 990 54 54 447 10 732 786 822 523 134 395 349 312 9 554 641
613 31 391 659 855 355 397 116 269 740 100 451 135 67 265 906 285 881 57 807 176 745 40 775 165
