25 25
102 404 766 784 791 285 792 600 159 522 634 36 42 318 500 117 140 412 688 286 300 950 476 72 162
475 80 474 566 206 275 238 303 513 585 176 147 548 247 372 272 990 883 924 305 585 679 233 666 255
333 120 272 797 698 322 229 182 131 980 744 251 941 503 198 26 598 365 516 872 365 957 938 742 720
876 213 729 565 375 291 763 692 867 185 501 276 974 431 222 30 313 546 238 912 556 155 479 471 428
183 896 965 610 463 133 730 63 720 103 954 124 91 4 116 668 478 84 139 551 881 450 395 866 100
104 461 592 261 110 267 656 564 559 993 625 772 325 84 147 946 181 619 287 845 960 647 468 130 958
283 487 197 23 881 838 291 555 343 207 706 949 937 3 358 754 9 342 754 627 158 848 555 918 934
227 83 723 65 653 929 688 953 228 447 156 754 40 614 878 2 888 520 17 45 99 479 458 197 733
217 996 348 451 390 785 171 787 502 506 448 200 665 679 296 497 219 425 136 360 857 862 645 956 623
90 507 468 492 819 177 319 406 549 881 749 754 492 40 813 113 331 431 599 924 828 478 346 738 153
581 507 868 677 804 139 172 987 110 383 103 550 387 268 138 560 543 577 763 927 350 917 532 217 761
81 50 713 213 921 534 440 597 1 483 33 625 670 927 464 80 606 844 601 959 787 904 279 998 380
407 387 994 324 112 685 111 775 340 608 860 284 513 864 227 443 617 706 368 797 621 491 13 746 375
849 205 170 132 228 792 178 486 910 875 895 339 715 305 687 806 146 175 199 673 987 443 435 820 142
366 611 517 230 308 835 837 647 469 76 233 932 214 804 666 719 92 136 522 299 356 368 172 571 716
365 724 217 190 275 649 567 858 591 892 22 596 831 419 437 263 729 947 109 409 96 849 684 788 732
578 11 171 858 948 777 936 473 877 359 454 852 524 151 508 580 896 724 453 150 675 363 367 115 680
49 350 168 438 895 873 138 169 116 169 536 340 669 54 465 771 433 71 397 153 605 92 492 46 346
537 873 597 851 774 571 295 980 374 627 42 500 876 62 805 369 595 881 224 925 647 505 411 171 335
373 586 493 642 579 972 387 913 327 132 280 331 203 835 671 433 597 463 636 827 324 197 984 976 298
294 0 445 181 850 290 656 473 426 946 352 997 453 462 829 963 533 242 518 786 489 839 158 834 380
75 123 325 415 467 740 132 16 780 435 108 514 280 519 314 595 444 830 784 297 142 684 103 303 962
409 968 894 175 165 86 112 479 252 81 645 530 492 362 235 700 642 937 982 332 915 965 171 55 653
423 344 110 811 380 302 859 299 379 751 651 805 252 700 681 835 856 501 566 464 539 939 194 96 855
8 831 36 470 40 438 887 226 66 354 426 726 351 949 980 565 216 543 25 337 399 713 63 587 459
