25 25
887 518 516 473 290 531 184 146 553 34 953 192 233 49 584 288 923 31 552 97 186 396 418 700 945
766 28 312 982 428 223 160 815 320 847 346 718 76 951 686 435 868 660 522 855 260 757 710 118 454
842 546 67 526 747 62 316 333 752 299 215 110 8 45 102 59 969 169 334 765 274 679 198 632 72
523 357 540 806 239 991 585 400 387 759 510 811 419 2 126 594 763 188 260 999 471 533 859 274 135
289 849 146 178 460 482 372 948 862 685 989 576 817 323 571 953 15 288 743 258 973 111 92 521 280
646 332 83 617 246 127 40 645 865 198 813 535 548 298 878 965 807 977 849 552 823 710 804 65 54
695 304 789 482 830 992 54 311 75 653 509 703 294 884 515 671 980 757 603 209 215 467 884 163 138
542 931 518 12 383 572 664 465 68 578 650 897 194 806 162 533 281 576 683 289 874 273 719 282 152
944 1 5 989 247 335 0 861 284 481 641 866 359 686 786 870 237 207 348 219 116 648 593 743 139
354 758 482 389 800 746 661 101 421 572 170 802 83 29 980 183 340 748 533 414 410 93 481 626 81
301 124 197 40 469 550 437 922 36 533 957 866 862 213 979 773 627 791 800 890 579 499 222 639 278
400 675 191 710 354 24 728 855 337 511 243 546 340 687 524 395 227 599 376 372 372 378 439 756 450
299 467 545 512 857 119 769 736 257 181 868 767 712 95 124 441 21 5 274 843 334 413 979 365 497
959 444 981 493 841 795 245 95 5 299 66 343 37 667 572 598 959 699 100 904 607 520 888 370 777
451 993 109 280 589 696 346 315 13 357 173 456 731 207 958 660 436 699 531 796 633 968 919 80 561
279 243 729 944 315 155 469 999 890 757 575 327 764 720 100 273 717 245 968 996 957 50 911 63 373
213 592 937 482 745 940 635 975 598 330 722 483 999 777 206 412 839 941 83 416 386 193 213 281 358
866 439 947 949 740 49 230 916 210 8 779 952 866 293 384 920 960 485 92 716 303 295 149 433 567
546 883 537 818 645 132 477 209 123 241 263 223 463 149 855 150 230 398 376 812 545 886 487 815 889
788 835 19 313 919 76 374 692 305 250 17 482 624 889 494 25 706 86 565 644 695 459 321 831 394
840 538 823 243 411 910 71 738 438 748 756 266 910 596 420 954 640 775 262 790 104 998 142 33 621
233 622 992 805 17 176 660 770 801 383 513 88 300 206 13 912 3 812 444 914 181 154 881 583 29
607 706 107 608 801 858 530 67 734 151 761 190 147 500 969 333 201 121 463 550 328 785 243 237 923
592 814 689 112 34 357 532 685 606 236 231 249 225 676 688 441 90 98 949 668 787 671 7 386 563
998 409 932 613 939 822 31 131 967 581 313 756 543 773 65 532 408 954 721 796 244 161 819 222 376
