25 25
976 559 954 523 523 562 247 767 342 360 873 532 416 471 12 438 285 648 806 558 193 855 756 359 515
832 928 636 126 712 639 742 49 210 306 0 442 664 540 364 981 330 116 706 304 791 504 640 932 249
155 761 28 640 796 112 476 272 853 453 216 250 170 435 440 207 587 268 750 862 89 661 285 735 956
310 975 492 886 597 449 177 853 190 296 312 343 691 225 207 538 500 806 535 382 851 210 42 286 253
522 269 570 647 346 147 750 227 456 39 54 193 579 438 909 686 183 955 12 299 642 719 144 107 598
412 777 570 676 406 707 995 987 857 920 752 938 498 200 691 155 976 966 109 713 904 2 312 639 196
446 815 600 813 368 350 52 420 973 246 512 564 385 74 190 640 514 12 171 749 653 912 973 558 167
721 543 255 513 374 852 312 685 494 905 8 746 827 997 209 365 651 833 537 765 435 101 180 482 24
691 120 849 112 298 947 451 977 34 886 828 284 385 191 546 911 913 521 669 694 752 485 944 554 37
975 717 783 313 518 677 164 376 684 912 797 533 653 801 717 48 261 147 565 934 579 113 539 398 899
880 799 94 638 720 31 387 805 960 584 472 948 119 238 908 602 321 627 933 484 657 822 74 169 484
830 182 971 490 192 661 851 993 595 375 66 624 299 908 134 111 293 434 635 227 53 616 891 765 120
419 169 651 840 402 388 884 802 834 81 74 661 644 624 334 795 246 214 202 971 514 586 779 750 565
368 515 605 772 937 950 440 742 553 319 346 42 34 70 561 241 574 524 615 853 195 997 831 513 272
789 644 745 696 519 604 394 596 197 888 958 574 287 797 312 618 607 79 463 627 214 457 985 432 959
378 593 91 16 401 128 545 986 609 89 651 488 495 631 182 870 535 335 477 18 80 801 480 617 525
417 170 741 141 352 866 494 540 554 637 232 893 164 658 856 850 467 327 958 397 739 598 496 722 497
71 193 765 538 826 913 634 369 895 779 218 977 521 801 248 949 841 75 303 930 969 301 940 728 941
576 988 295 841 335 278 292 284 103 228 507 296 474 755 658 915 169 153 355 235 513 813 652 917 407
140 246 193 70 880 603 225 93 689 611 80 102 972 572 16 459 563 763 911 864 76 708 816 692 736
266 93 357 408 707 895 675 247 777 594 310 927 330 275 926 463 616 784 703 784 941 550 519 632 42
302 680 763 922 412 62 578 110 563 338 650 990 802 495 769 156 914 132 459 89 439 891 354 50 741
213 760 27 947 65 877 227 67 404 232 947 810 709 786 448 180 509 316 703 810 816 668 973 808 824
285 583 772 339 979 496 312 893 50 403 521 395 741 989 556 992 352 130 99 402 81 105 723 374 525
206 236 547 741 597 369 513 602 699 50 987 588 350 230 497 805 841 602 219 899 281 910 495 195 819
