25 25
575 967 631 771 764 930 742 527 518 736 585 155 246 157 854 106 742 723 10 61 96 736 820 269 786
501 654 658 615 209 167 864 819 565 310 339 782 421 61 443 729 44 617 866 708 896 967 809 991 750
229 560 273 464 824 11 879 208 935 392 361 108 964 515 493 2 119 28 972 962 29 181 637 591 446
203 152 755 585 957 176 908 966 455 588 476 11 465 426 420 827 565 620 316 278 668 678 780 913 641
836 924 2 871 410 803 98 445 169 239 851 710 454 928 820 851 95 180 474 274 387 557 836 337 566
489 376 102 293 784 641 667 570 385 42 392 568 261 679 561 642 880 347 429 829 409 310 239 47 923
321 33 823 742 366 91 875 618 294 428 600 494 907 344 556 981 471 450 590 418 493 849 95 260 652
135 704 828 693 664 649 833 808 438 696 921 494 598 314 302 722 860 638 921 679 318 580 844 394 711
611 931 913 971 835 548 725 754 487 677 65 345 704 78 840 639 973 182 560 826 338 28 221 814 991
255 65 921 355 24 816 666 466 221 304 310 201 222 283 53 619 964 696 135 130 172 241 329 825 768
468 140 391 58 770 104 844 343 217 499 569 828 923 460 608 441 776 458 271 537 48 196 563 838 124
37 767 670 53 767 222 476 980 223 123 396 488 329 657 543 427 445 979 192 685 969 323 718 93 194
620 236 933 443 708 491 313 434 440 586 677 610 995 136 916 435 676 258 103 180 652 513 168 803 505
12 849 305 103 855 469 539 54 893 537 926 893 31 508 366 583 801 792 417 731 826 101 650 73 389
453 644 75 228 355 430 755 2 318 27 498 574 390 817 442 806 609 338 920 280 73 343 124 379 128
493 641 73 924 714 591 359 888 758 16 851 627 5 48 837 137 289 177 667 402 872 553 172 575 584
198 911 681 961 398 403 707 21 251 725 320 621 442 887 164 867 821 636 858 466 354 902 778 740 683
972 2 934 79 203 151 568 52 235 650 661 228 911 100 48 197 758 253 326 923 972 735 343 656 585
892 922 695 292 226 659 676 570 874 872 602 439 776 55 844 525 251 370 687 697 658 922 417 920 984
580 635 190 649 439 135 559 941 952 688 11 813 783 305 448 683 236 980 861 192 224 754 333 652 689
947 501 185 283 969 101 230 499 142 462 13 480 892 189 667 904 163 977 182 267 187 757 544 755 838
358 433 324 672 429 91 818 620 967 934 877 599 723 61 502 359 643 660 693 46 306 92 466 50 828
272 768 575 595 798 516 421 562 571 377 783 627 185 0 670 979 424 738 402 897 442 589 141 507 421
206 722 240 878 320 868 781 548 836 375 154 59 125 848 825 736 827 138 933 138 288 50 48 295 778
210 992 370 153 856 55 658 59 0 690 405 337 562 324 275 769 343 726 498 30 450 144 228 14 832
