25 25
203 508 248 643 880 45 186 625 735 388 609 370 79 103 843 765 123 367 177 946 886 335 122 647 164
305 324 163 33 131 900 519 415 20 457 59 713 450 536 157 580 259 91 420 958 180 219 518 191 990
131 236 826 610 17 996 801 346 728 505 298 71 781 714 870 254 427 671 291 287 84 383 127 81 298
625 911 970 227 797 318 980 205 503 353 519 707 852 169 481 644 108 824 727 335 906 578 507 403 660
316 174 168 105 671 458 471 664 339 164 743 536 112 895 443 156 37 215 491 658 502 653 694 224 459
95 299 895 794 275 146 557 780 631 819 671 318 865 582 623 912 597 520 727 82 475 524 893 336 896
281 781 653 394 994 478 435 283 746 986 949 308 750 655 900 916 296 884 836 229 215 762 705 706 257
72 364 3 826 769 666 45 583 795 188 408 494 427 577 116 21 126 731 998 977 425 134 702 362 320
533 283 411 0 806 834 794 873 166 408 566 66 474 528 685 272 295 692 58 926 58 736 773 840 34
985 83 58 195 545 247 636 339 706 276 482 197 261 117 691 952 926 126 817 785 991 902 356 171 395
908 747 713 10 455 389 235 733 949 948 550 477 57 757 344 801 25 3 466 688 188 792 752 996 392
617 757 265 661 979 136 855 476 217 646 431 614 538 848 999 523 870 260 832 33 286 377 957 678 603
172 117 676 367 256 134 972 218 805 173 401 613 24 319 45 323 351 611 313 171 621 44 712 587 927
841 217 438 49 358 982 140 867 839 814 422 256 632 447 948 31 360 251 347 813 595 226 369 884 419
173 615 371 773 246 932 507 509 720 921 855 986 724 421 228 802 711 596 867 231 161 998 986 553 305
808 339 955 778 817 481 552 928 230 536 386 453 189 320 413 622 390 596 570 961 323 101 983 260 451
86 364 463 208 177 329 393 179 396 729 113 79 905 505 922 517 209 137 228 975 441 946 7 283 769
648 937 103 67 549 329 753 144 716 174 874 827 895 934 674 283 31 12 908 645 250 350 3 502 313
482 884 724 373 207 403 438 378 607 543 421 64 269 382 617 121 190 941 87 643 409 989 964 171 140
406 59 481 945 789 999 512 126 708 26 633 714 964 215 61 839 709 930 308 940 978 414 6 529 414
34 4 636 222 560 152 379 305 718 272 593 766 211 192 253 749 928 121 879 473 16 597 133 179 898
230 5 63 825 19 719 85 298 561 55 281 251 409 656 186 699 266 370 635 476 739 732 409 319 575
776 755 764 974 372 269 694 179 632 317 829 338 702 666 549 334 281 231 452 492 412 897 748 181 145
818 340 39 101 707 919 211 36 393 469 573 164 533 801 151 223 390 269 830 644 881 548 186 117 148
765 855 991 167 568 263 59 627 739 990 968 592 936 999 529 750 981 823 636 952 547 527 719 189 926
