25 25
868 687 480 616 217 516 306 177 392 861 311 861 346 360 830 90 492 131 86 168 564 681 429 615 558
762 772 502 869 146 502 398 800 609 557 736 448 723 589 356 671 75 528 824 291 403 6 170 796 381
961 455 574 517 683 790 173 485 629 624 471 514 845 513 339 923 994 165 34 275 581 764 907 795 820
774 505 742 159 109 542 685 557 639 734 894 342 356 911 691 696 513 429 816 251 727 704 854 223 455
21 613 190 268 857 750 933 991 167 875 578 116 618 574 408 71 547 810 104 868 195 264 787 161 316
60 154 472 990 511 971 635 582 664 318 74 682 701 198 611 84 662 452 10 47 741 62 791 467 907
917 238 772 319 158 297 46 370 330 335 918 147 771 794 976 123 547 309 443 607 981 139 471 586 825
804 441 567 60 520 747 672 440 431 557 680 466 457 359 518 640 61 847 853 258 820 639 121 842 994
554 937 353 678 890 145 541 924 500 76 818 931 10 87 430 519 881 166 49 241 147 320 5 609 140
176 277 149 633 813 388 155 868 276 543 407 499 227 779 858 192 991 594 286 559 617 446 919 489 435
840 15 137 24 496 975 164 952 589 898 258 107 576 891 517 570 270 825 385 184 365 78 106 282 820
304 735 108 560 836 739 414 315 897 621 273 273 513 210 758 0 55 560 903 522 280 827 160 799 667
520 433 555 839 247 348 290 576 640 139 114 459 242 761 481 109 662 702 27 286 902 858 660 773 651
556 164 679 418 110 645 178 47 214 612 522 776 600 299 248 136 365 715 21 894 945 793 152 360 184
812 222 591 286 427 756 727 111 853 625 858 441 160 477 184 716 91 836 533 384 962 433 585 714 981
459 591 732 727 119 24 326 659 68 42 904 60 689 974 612 478 585 299 691 653 818 466 155 939 958
488 368 435 648 955 723 824 551 6 280 43 659 616 105 357 822 214 659 540 671 44 159 341 516 905
882 547 662 851 438 656 825 51 746 74 349 142 483 930 849 254 117 762 166 532 171 26 319 629 260
666 894 931 63 929 899 845 577 430 438 556 658 847 959 398 990 38 317 253 920 505 924 359 246 782
38 943 399 860 782 870 931 409 270 833 500 33 27 970 83 560 9 769 933 255 771 78 950 364 99
512 750 799 690 853 666 150 164 411 590 581 745 927 810 658 3 656 600 981 358 662 62 2 805 826
310 457 828 326 578 957 85 972 702 87 697 291 659 845 850 267 407 220 704 232 755 993 451 422 707
83 322 619 427 600 168 625 526 706 759 36 980 283 482 666 148 581 330 570 515 585 731 286 395 950
35 377 537 299 461 51 951 239 705 127 204 44 964 231 838 100 592 749 409 5 7 55 658 185 521
715 587 860 119 568 347 260 810 620 882 434 552 557 970 754 719 124 403 183 959 244 160 498 584 517
