25 25
413 116 775 362 109 69 228 769 937 638 710 591 215 857 206 862 178 881 789 365 575 626 188 4 505
436 811 511 105 667 10 43 426 494 991 253 374 459 501 420 678 983 599 156 49 934 797 791 615 931
612 210 903 947 117 160 143 502 682 672 142 649 622 227 458 554 664 954 526 136 987 100 239 21 545
991 186 254 838 833 124 813 883 939 320 879 361 638 397 751 80 761 968 594 586 297 444 855 836 162
815 508 733 95 667 780 812 456 125 19 66 8 116 33 223 133 706 553 214 691 336 180 257 407 407
89 534 233 600 249 755 582 331 494 483 849 391 782 459 85 815 754 59 807 668 356 911 446 700 645
517 336 791 7 193 78 946 172 446 404 226 241 40 159 598 961 385 443 521 50 439 102 78 965 376
543 120 733 553 209 641 85 906 206 220 964 619 865 741 827 411 369 883 445 397 142 745 894 271 986
68 491 536 10 854 150 949 441 849 325 503 273 601 13 970 714 968 967 256 715 785 808 606 887 931
546 403 968 188 523 956 871 668 831 305 673 654 108 108 641 187 618 156 133 714 304 100 344 62 407
659 711 470 499 99 502 703 552 858 982 403 927 89 755 362 655 466 525 418 66 532 582 456 380 69
714 704 158 118 76 890 659 3 604 265 573 286 394 925 204 281 240 779 264 17 361 629 421 391 886
773 342 622 392 331 243 712 276 651 508 950 685 115 124 470 80 655 88 32 327 566 509 246 372 695
731 573 989 468 821 866 189 569 222 558 419 255 834 633 227 148 938 562 259 754 434 165 962 187 68
709 81 549 734 606 836 653 157 520 969 404 262 172 763 603 299 984 620 724 819 720 652 174 820 599
864 409 137 614 22 841 199 51 319 115 882 218 36 361 946 44 20 767 383 594 774 165 810 400 396
404 993 983 231 708 552 474 174 187 888 5 302 167 478 794 665 781 971 74 857 227 88 668 465 843
589 714 906 724 329 671 345 160 278 904 362 46 231 56 365 759 461 854 751 705 523 819 691 286 624
129 770 902 772 928 30 930 87 126 755 162 483 942 28 497 70 823 193 82 813 611 276 685 97 757
431 982 635 1 54 683 232 120 537 451 915 377 210 244 371 739 505 628 648 518 448 449 947 167 650
734 326 607 523 193 580 527 462 663 140 516 893 289 555 205 301 62 654 200 98 462 901 889 797 133
17 856 151 870 969 555 291 7 495 397 912 837 320 556 450 503 744 500 197 206 501 757 856 129 787
578 768 594 362 999 631 130 707 831 256 232 855 193 246 540 115 662 288 361 225 963 993 711 634 9
45 267 751 134 13 493 116 110 118 986 196 326 61 124 161 771 276 930 413 986 235 792 741 913 945
701 178 102 181 568 130 423 324 726 222 771 320 580 325 279 735 468 784 3 205 414 825 236 358 379
