25 25
493 367 10 879 16 820 643 413 107 408 111 549 975 664 504 48 276 153 558 627 195 584 184 709 789
521 522 85 691 800 555 801 949 726 559 238 61 630 353 753 587 643 230 823 953 219 817 204 203 897
329 917 846 295 269 497 226 480 605 290 11 545 819 347 767 14 42 226 342 27 554 608 353 62 252
542 502 545 660 408 788 338 359 308 187 20 561 56 373 627 927 362 970 538 575 32 465 223 345 445
2 477 616 124 0 379 9 469 407 419 9 242 296 300 481 876 829 416 602 524 353 675 525 671 316
766 976 689 132 270 883 188 446 721 555 731 322 536 827 52 695 867 368 847 751 549 478 12 832 701
287 208 307 613 831 83 317 262 119 718 763 716 965 622 636 727 975 595 105 686 66 794 643 700 800
126 659 931 349 823 184 691 2 930 34 974 617 813 90 922 249 856 661 639 562 509 615 513 277 673
915 648 817 882 650 962 22 220 267 499 620 192 663 861 73 435 119 871 345 706 639 100 429 849 858
722 959 865 201 240 780 214 808 186 61 952 660 759 219 3 391 571 235 701 446 593 330 321 447 507
991 632 274 135 411 474 996 271 243 343 202 142 229 417 376 747 626 913 105 756 842 416 543 451 624
827 38 527 514 623 716 27 513 243 7 450 228 704 355 76 209 207 342 876 416 63 942 766 558 676
657 242 841 482 11 883 785 129 775 516 833 863 956 103 873 478 716 993 16 349 615 150 725 613 360
366 992 774 908 848 251 765 182 603 782 998 862 151 700 698 619 766 24 578 510 202 391 282 394 679
842 60 819 620 723 466 360 340 88 134 675 10 481 16 498 490 424 479 126 859 169 62 732 149 293
329 540 185 337 137 116 284 92 417 819 664 358 843 703 350 773 764 731 429 115 678 73 630 322 158
144 18 97 70 134 801 358 365 785 329 281 717 248 608 453 344 653 257 351 246 232 369 829 716 41
579 574 236 819 941 78 378 905 94 802 188 244 989 548 17 219 824 1 986 945 377 650 957 459 155
374 526 291 17 661 420 159 987 40 408 285 572 890 47 362 280 983 438 289 244 734 330 561 764 21
859 34 793 466 633 815 456 86 629 314 964 349 552 749 888 563 536 166 242 902 862 339 309 5 122
543 426 142 4 815 922 825 442 878 432 272 391 594 827 169 402 750 356 525 207 974 135 695 585 597
446 440 34 172 741 114 467 715 861 474 594 201 67 115 288 475 110 675 658 16 824 605 888 656 531
823 467 671 890 48 140 433 163 66 492 896 555 206 550 593 368 80 38 418 784 261 356 891 84 682
41 976 187 183 313 369 340 57 611 806 646 941 310 907 468 584 257 944 558 440 555 815 134 115 193
524 588 212 964 202 775 570 385 884 405 786 335 172 39 794 857 313 348 350 101 437 543 47 195 987
