25 25
341 269 304 772 654 866 576 387 320 254 730 527 746 177 915 947 391 106 898 349 413 896 639 54 222
888 952 320 279 212 88 478 516 64 39 116 258 317 832 332 667 725 149 311 978 454 726 731 679 648
653 591 79 171 276 555 609 386 275 201 334 311 478 176 111 157 646 620 430 323 93 727 390 215 310
832 281 673 727 282 709 648 655 206 25 957 278 665 71 193 704 127 824 542 264 289 798 318 720 115
378 288 901 761 512 550 185 45 406 92 282 417 282 742 748 627 537 992 921 826 141 699 736 514 385
674 741 376 407 768 39 144 172 534 347 794 715 332 155 577 66 708 823 707 447 18 717 386 634 517
738 301 352 337 509 916 418 389 525 424 333 420 871 696 897 555 831 701 114 984 558 356 691 805 224
689 732 472 419 771 922 705 59 208 419 79 382 701 921 933 722 259 881 815 665 697 703 786 370 512
897 647 951 769 20 998 725 282 548 290 515 162 219 381 362 693 555 116 80 43 881 412 25 689 121
292 316 860 19 842 221 52 182 422 32 582 61 793 244 663 624 299 698 683 848 98 469 963 564 181
295 708 839 808 263 200 443 601 865 370 935 547 942 533 626 943 7 704 874 430 384 527 397 941 846
479 826 421 251 482 182 957 883 915 96 23 22 140 599 679 496 414 292 743 57 761 370 148 872 758
829 483 222 343 171 533 861 95 931 189 990 673 737 318 528 984 332 88 519 636 992 746 840 214 921
253 282 555 271 492 129 914 815 893 730 264 780 989 199 633 842 79 744 626 755 829 349 176 132 214
575 222 712 921 57 669 761 66 515 741 930 75 91 371 339 182 388 204 179 663 412 170 441 619 985
636 171 620 408 150 393 745 157 16 945 943 427 382 439 519 185 551 777 302 713 950 768 377 620 766
799 12 206 318 931 811 651 33 60 356 482 283 417 634 221 856 165 895 17 449 197 772 766 259 743
227 116 757 276 108 818 265 696 649 347 748 809 576 512 827 730 355 869 918 579 826 782 44 11 903
771 910 971 207 334 930 669 78 921 147 699 619 104 753 489 42 368 41 233 380 740 789 809 936 535
930 695 671 110 43 104 257 927 625 94 413 938 520 897 955 150 600 594 231 744 830 251 835 725 261
658 963 506 496 152 190 481 445 816 277 645 624 366 799 18 213 867 10 171 62 737 194 664 302 375
868 377 690 167 782 974 425 904 950 454 959 434 283 847 474 425 303 614 776 150 37 386 834 273 871
582 118 960 382 293 298 340 85 518 283 893 615 348 283 831 861 538 272 457 375 227 434 443 434 479
141 821 834 844 979 590 289 603 113 766 109 915 59 577 682 611 178 844 368 712 720 458 335 769 245
838 272 101 60 894 142 838 262 897 754 721 863 770 928 179 387 69 732 694 489 527 605 233 221 466
