25 25
471 5 399 964 962 584 454 861 448 536 413 816 262 339 375 460 377 696 109 394 470 354 347 135 921
954 636 580 149 131 265 365 749 316 90 436 713 147 729 227 315 47 629 184 478 62 271 982 156 723
560 656 239 842 25 215 848 473 479 842 962 637 305 593 92 697 540 379 742 927 435 783 767 354 124
933 759 34 147 34 883 216 895 644 175 596 289 370 281 963 13 587 42 26 797 630 849 23 871 710
673 434 352 965 648 84 73 251 428 722 375 117 315 199 361 14 200 694 236 283 271 19 503 832 448
324 444 113 426 269 891 129 81 577 738 943 461 468 376 635 680 286 769 824 843 837 9 448 995 664
520 407 388 114 525 206 318 146 581 752 610 331 451 280 499 619 713 39 995 814 136 436 918 619 751
591 405 215 952 632 737 382 808 118 188 38 496 957 265 792 722 344 732 29 737 217 933 972 166 891
197 530 502 973 490 723 664 618 959 111 634 564 433 295 337 459 64 483 109 353 303 603 626 365 713
645 651 825 498 176 331 860 598 484 392 999 754 389 888 379 188 929 76 890 735 313 135 495 542 853
614 403 285 714 683 931 68 339 437 27 905 296 464 575 515 447 189 289 885 402 81 207 458 433 466
319 726 214 682 888 670 765 553 768 956 41 602 770 737 331 624 651 755 983 543 578 912 51 192 463
931 836 10 609 8 144 952 415 906 715 982 749 802 72 789 721 860 96 444 518 225 770 424 944 369
666 958 687 716 990 184 5 160 242 553 62 301 557 667 213 488 42 486 783 939 163 509 246 111 28
36 711 976 583 413 498 697 210 539 457 383 953 615 320 769 406 805 405 543 412 255 641 273 23 995
237 818 230 124 964 107 580 836 341 978 784 883 317 58 115 255 994 705 772 941 427 981 39 626 108
676 821 733 247 235 517 393 811 928 355 454 61 927 189 565 756 327 515 655 160 609 445 544 936 309
971 43 471 398 705 939 403 888 93 579 556 53 491 277 135 831 731 785 19 830 271 948 598 393 937
193 884 215 460 114 664 307 727 807 457 562 816 288 936 389 937 203 483 2 917 962 882 300 271 611
791 76 545 326 267 50 117 502 257 214 105 178 106 947 755 161 158 204 540 232 580 750 199 112 316
386 483 163 591 743 373 34 59 418 405 491 63 66 230 340 597 354 337 163 187 78 808 192 648 41
631 312 891 377 536 309 421 731 163 865 499 853 120 61 138 412 469 355 935 557 638 445 753 788 265
723 69 589 588 694 509 420 827 293 955 730 312 675 438 464 461 837 671 753 990 698 483 504 796 430
204 802 316 220 750 511 976 131 100 982 932 605 878 862 342 532 637 24 833 651 285 291 85 509 405
145 298 590 555 88 885 174 487 152 822 251 94 174 246 356 883 160 724 651 143 85 578 81 447 744
