25 25
304 276 105 839 491 512 43 319 319 974 207 889 193 251 554 460 683 703 448 374 167 773 622 255 653
172 336 526 563 737 564 371 334 533 434 588 648 311 384 677 274 325 173 550 782 10 628 156 963 970
103 360 868 304 811 329 470 7 523 649 871 275 156 841 121 757 657 85 187 993 619 798 913 855 913
71 578 447 578 737 600 970 587 240 19 423 118 965 607 384 297 853 998 978 805 92 648 392 423 989
45 26 251 57 279 194 451 946 634 414 816 737 387 832 805 633 6 109 695 475 85 589 820 884 130
659 574 829 158 629 494 607 837 562 178 102 706 538 203 960 935 973 443 969 847 387 572 108 749 78
709 465 444 618 245 453 564 647 29 879 957 853 475 241 217 768 504 864 208 257 935 302 182 513 251
759 718 614 796 85 370 741 681 471 291 563 551 716 831 358 354 457 907 123 114 130 347 702 354 301
563 441 265 559 109 703 373 846 669 295 696 166 625 427 630 375 158 670 450 789 959 945 308 794 308
450 151 551 609 567 857 628 873 25 335 193 9 659 774 309 274 420 672 531 285 954 733 847 242 445
909 39 187 978 173 581 727 399 573 754 24 490 977 893 55 377 620 854 141 873 743 748 945 762 178
526 614 371 936 740 224 272 695 394 152 714 228 863 597 722 44 51 291 958 543 860 774 219 35 667
869 55 443 696 999 984 677 815 956 7 366 855 368 307 647 896 502 75 793 371 862 133 688 136 211
362 195 608 686 299 88 650 504 408 487 849 593 772 904 950 741 874 618 261 909 520 46 658 149 152
496 159 335 33 736 627 161 327 874 673 206 954 821 560 387 0 310 137 318 799 76 804 389 568 418
951 824 549 55 521 781 524 91 322 122 979 227 283 188 804 315 237 119 883 446 813 416 11 560 789
862 406 556 892 308 321 626 852 919 975 990 985 184 593 379 324 614 134 131 662 891 970 854 221 108
446 78 306 686 345 373 444 875 853 394 237 275 66 357 88 943 896 793 843 193 313 189 989 238 146
619 379 718 871 86 427 826 56 401 456 454 216 570 540 708 974 411 981 494 892 571 718 54 835 767
647 567 330 511 660 364 164 787 894 871 361 210 272 683 19 438 620 613 462 777 196 327 934 221 415
972 58 114 91 388 933 978 47 645 250 959 547 267 543 54 758 387 159 764 627 925 656 110 529 754
606 260 42 565 100 883 84 334 801 769 8 993 924 981 163 681 366 281 232 586 457 521 835 336 168
555 685 209 9 991 110 233 896 39 255 420 383 598 746 766 713 46 266 211 726 122 220 199 485 999
228 556 181 216 220 240 638 646 654 822 333 653 588 143 710 520 165 771 830 616 282 811 717 316 362
434 261 606 871 614 404 614 145 421 747 889 804 192 803 262 930 372 243 638 746 507 640 506 298 455
