25 25
564 265 607 896 769 434 283 442 201 123 840 29 182 328 927 99 608 501 781 891 820 169 836 414 391
130 86 48 527 479 984 358 969 65 107 814 199 447 783 298 764 196 355 346 778 577 485 82 922 953
250 404 599 749 212 586 28 637 708 13 68 894 459 87 693 248 415 790 322 704 979 863 286 651 250
444 835 456 26 210 239 757 501 789 458 270 338 773 889 195 547 543 358 911 497 788 916 243 428 75
947 935 337 771 632 897 177 328 143 609 46 397 266 190 805 361 855 376 832 750 288 974 928 703 818
13 574 518 391 850 52 19 527 221 188 539 858 175 975 734 626 604 71 748 987 257 363 708 735 318
714 39 233 457 69 169 885 123 331 133 823 736 578 576 431 756 338 832 892 492 988 405 662 996 711
589 193 200 737 276 327 585 856 348 746 943 381 532 948 81 569 159 248 245 161 894 839 948 983 679
408 266 394 505 127 456 196 146 587 539 42 446 558 730 672 901 558 851 325 514 48 918 944 392 150
219 734 291 335 649 991 583 197 715 11 211 863 473 631 383 261 149 233 749 590 907 204 219 895 576
403 951 971 124 37 29 951 668 438 86 223 969 136 996 793 104 707 685 416 266 966 567 438 915 163
954 634 130 84 541 592 291 237 148 210 860 390 402 289 882 52 722 311 14 233 38 427 386 315 761
680 406 325 361 340 267 115 629 797 624 492 385 89 904 374 149 646 501 15 622 963 852 920 286 453
334 160 125 259 549 68 349 379 803 432 780 256 663 757 773 185 896 398 955 583 242 155 789 457 96
943 65 621 267 513 238 795 776 715 463 123 600 583 839 874 593 326 81 518 862 989 279 97 401 553
327 486 938 851 471 108 150 90 300 870 535 137 38 656 519 922 949 630 903 989 520 25 592 631 563
684 140 688 403 903 82 289 297 597 342 794 567 344 794 274 184 730 861 676 981 946 543 624 482 322
633 383 376 215 90 515 384 767 973 630 882 836 163 147 846 120 221 554 192 299 389 754 794 180 190
152 970 417 536 936 112 826 918 346 702 479 563 263 376 101 287 144 7 114 938 239 35 664 738 644
54 572 769 133 915 669 560 566 861 7 285 304 966 930 887 422 867 820 361 729 275 605 232 607 258
635 187 256 672 38 907 766 320 331 683 498 925 845 838 77 720 442 614 842 369 540 685 868 812 670
226 934 774 776 880 657 278 882 848 214 472 835 744 80 419 371 775 171 453 36 898 3 497 564 912
7 89 800 192 906 464 875 989 562 142 222 338 356 944 472 332 519 146 133 579 696 686 803 243 941
928 738 593 147 111 753 792 94 486 747 292 452 678 975 363 82 326 958 289 889 59 876 514 287 383
44 995 87 965 519 93 740 412 679 504 463 2 176 65 299 492 748 547 801 774 509 85 377 260 560
