25 25
594 289 495 526 841 933 84 36 11 74 60 164 263 73 146 319 166 947 266 695 412 853 667 575 939
221 831 764 255 941 324 694 706 443 632 580 654 211 50 219 13 873 78 254 595 873 418 522 284 711
510 328 354 538 730 679 837 192 866 60 276 254 4 63 786 136 639 133 232 208 575 815 521 164 535
938 239 263 211 671 413 414 486 717 961 891 551 647 53 291 713 723 436 956 13 853 613 138 928 716
830 248 628 638 596 66 181 688 783 415 842 515 591 783 212 438 733 41 324 529 824 318 358 159 927
161 41 783 553 117 188 705 775 282 746 7 813 53 560 934 373 567 859 791 404 693 620 382 416 260
965 904 9 259 46 577 303 695 800 579 575 477 890 953 578 597 739 729 48 177 580 209 713 297 203
502 785 696 746 58 547 934 51 886 595 489 778 686 4 977 434 649 284 988 602 731 133 454 929 168
696 521 895 732 397 720 654 136 223 80 681 681 987 398 671 969 261 210 906 288 970 108 39 482 838
926 27 101 208 47 570 818 468 23 765 73 906 941 464 916 704 361 715 3 627 173 143 276 549 40
819 780 470 305 890 844 982 210 987 882 749 567 544 724 646 375 563 620 694 960 11 853 293 67 160
181 599 946 586 480 73 113 103 667 26 41 462 732 694 502 665 972 2 404 913 946 716 224 433 722
229 638 841 520 250 713 795 225 200 357 586 84 848 154 362 328 319 299 164 364 433 165 792 692 174
495 252 177 600 542 450 750 342 423 240 508 809 553 517 239 372 796 908 722 101 735 593 80 142 995
316 857 559 262 96 212 158 913 98 610 669 870 825 587 957 940 681 375 811 752 619 243 327 904 965
425 69 688 126 614 319 211 907 508 921 495 260 460 428 388 444 340 474 700 649 667 285 515 420 383
910 731 873 985 560 688 21 47 218 59 458 240 43 641 448 74 327 291 183 132 474 178 218 839 633
815 234 463 613 244 38 437 516 900 506 62 707 63 364 95 454 173 649 842 279 691 354 29 91 71
888 514 406 228 391 961 633 585 447 738 301 735 758 121 105 593 457 38 134 495 502 432 130 651 139
107 356 362 448 889 467 199 231 771 55 383 461 609 820 789 768 331 862 358 358 402 852 826 906 35
112 86 397 980 256 552 785 502 951 761 668 521 431 788 632 679 637 104 738 896 761 181 373 129 63
78 762 641 112 142 520 311 453 909 367 738 696 562 767 501 801 944 822 250 439 108 428 895 151 291
627 479 325 529 530 577 743 972 582 140 792 632 860 732 207 709 804 39 231 636 828 296 830 63 672
926 535 522 736 346 11 443 489 33 156 183 18 281 208 852 942 190 760 618 877 844 760 547 632 123
270 731 584 711 557 157 724 768 107 777 798 253 266 769 535 530 137 386 625 292 525 238 139 956 503
