25 25
27 450 266 121 47 430 465 559 143 213 736 375 683 726 566 161 205 363 62 913 798 861 675 298 264
705 527 199 400 25 707 200 919 919 688 462 404 851 726 105 105 531 196 375 887 711 226 86 184 547
329 982 23 378 967 938 247 590 614 114 678 945 853 442 306 246 833 861 185 625 858 715 167 708 976
542 452 628 940 716 716 301 998 254 780 941 757 339 77 393 212 951 875 971 588 303 735 740 743 161
184 592 705 795 372 662 598 409 397 254 516 304 408 532 873 170 276 724 939 361 0 7 149 449 328
251 937 793 888 447 519 107 745 487 149 721 912 360 570 372 615 785 548 384 964 708 121 714 182 862
82 156 817 109 978 69 240 641 507 591 69 682 414 151 899 57 185 909 938 408 584 877 836 572 427
53 933 410 832 960 3 6 121 159 399 342 429 969 754 118 262 582 878 361 379 236 563 838 627 636
616 443 78 735 992 881 675 314 886 388 183 150 268 414 51 322 134 921 509 86 465 356 302 64 570
939 5 297 758 841 893 996 185 778 133 589 62 210 759 965 791 100 939 414 815 340 801 883 251 475
944 289 744 30 137 448 174 873 586 370 435 794 939 951 723 51 387 103 777 864 676 887 322 809 480
519 476 551 785 247 10 222 115 885 489 667 250 72 870 933 95 508 887 208 123 919 779 319 828 288
880 768 750 171 979 671 117 284 711 82 775 125 123 206 737 629 2 353 602 978 864 570 196 114 479
265 979 245 781 770 359 397 470 629 674 624 577 148 863 317 600 482 522 748 608 902 334 856 962 791
803 445 523 292 208 334 29 697 907 270 553 83 776 670 244 101 745 937 199 325 405 101 0 155 383
804 9 773 151 797 931 170 351 732 200 709 946 247 559 843 383 574 54 481 495 970 19 361 569 987
653 734 962 178 657 530 36 797 413 852 429 717 949 732 907 767 151 388 907 766 462 916 186 910 930
405 94 132 897 411 224 869 852 492 63 538 395 783 643 831 173 768 44 643 783 546 468 289 473 252
415 868 182 906 582 118 592 418 527 132 295 328 435 294 581 580 626 588 312 373 830 628 872 913 861
450 398 601 537 3 938 537 235 720 449 794 208 683 408 871 232 209 775 509 691 611 357 347 846 15
688 977 130 959 575 588 712 80 1 553 656 110 74 548 984 678 321 830 350 300 652 939 734 224 357
112 275 428 645 755 498 39 952 477 206 28 575 299 871 804 322 582 439 360 820 184 94 869 635 994
998 884 16 661 332 757 315 58 340 829 451 733 493 154 751 405 149 416 453 382 736 166 40 70 660
372 791 695 384 879 776 14 873 687 432 553 745 95 805 965 710 989 737 16 441 653 45 99 890 61
458 727 530 147 879 337 209 988 688 659 412 897 119 154 405 711 475 186 500 43 410 509 648 926 307
