25 25
185 135 917 90 956 698 69 944 931 834 80 707 582 439 881 423 198 165 352 569 169 18 410 101 140
346 472 941 46 672 486 75 74 188 806 476 122 625 368 175 935 422 22 245 70 460 108 720 559 664
490 696 207 424 693 846 683 462 277 716 612 7 830 180 135 758 81 622 483 48 122 605 461 591 669
10 883 932 306 768 736 406 159 441 743 362 674 493 537 677 914 667 346 605 751 860 55 78 836 503
482 285 10 411 541 887 999 37 16 885 534 934 633 80 873 969 594 750 475 121 368 242 321 70 459
174 302 402 751 601 519 13 879 561 72 417 237 509 934 727 631 667 900 708 839 598 530 420 35 964
455 200 978 388 364 143 338 800 113 41 225 181 321 608 623 822 837 961 912 679 154 87 320 448 667
815 853 911 23 938 789 921 776 356 825 569 807 621 16 148 305 156 686 572 254 325 898 672 981 920
107 162 603 739 514 550 300 595 147 862 684 181 43 232 660 260 510 358 224 228 293 649 185 41 215
498 240 317 349 276 20 466 985 567 455 978 243 541 829 9 270 68 952 598 41 332 960 572 540 778
660 493 817 477 165 724 777 385 189 252 63 826 776 941 745 627 119 995 164 128 387 908 423 543 61
774 708 897 995 124 30 715 848 819 389 411 818 504 369 209 408 762 216 332 169 599 282 35 955 374
739 251 580 403 555 16 923 908 978 993 619 694 680 232 388 808 467 754 234 427 753 469 266 636 259
60 785 241 513 765 839 569 417 365 613 33 471 543 980 47 157 358 625 200 534 801 411 312 971 189
935 350 776 799 4 413 40 84 566 482 746 369 878 578 172 878 967 783 810 302 493 523 574 475 963
440 108 444 576 908 233 596 26 722 314 447 372 925 385 594 210 698 655 745 918 318 986 110 791 135
124 455 719 127 652 196 257 419 663 201 35 325 488 360 475 528 959 21 430 762 168 653 451 757 25
128 135 3 957 424 764 382 430 284 273 116 285 202 973 796 82 135 636 573 638 823 749 817 263 38
902 235 319 164 294 17 275 329 863 421 599 524 751 849 563 633 498 662 948 277 194 620 59 434 435
526 430 798 534 811 838 313 89 989 138 397 799 148 728 500 895 973 884 266 484 359 32 333 386 463
887 884 399 572 924 569 604 909 85 407 926 42 25 671 154 73 237 807 940 0 540 376 212 105 676
117 684 982 270 179 714 173 162 624 463 523 695 446 63 85 888 703 484 775 594 402 304 845 252 21
320 862 516 507 943 535 236 433 966 740 974 446 258 32 970 679 801 614 984 827 101 127 39 109 773
620 483 94 816 960 911 188 651 893 343 408 428 193 286 658 183 9 399 747 694 353 707 724 814 326
614 261 88 723 299 188 140 6 83 178 426 82 903 540 587 429 940 763 262 16 677 733 426 281 172
