25 25
684 840 146 304 954 772 682 760 777 228 205 206 418 782 216 598 437 52 906 623 918 646 88 21 989
976 46 715 170 389 155 990 953 649 52 835 172 564 601 946 769 804 966 292 293 311 391 437 431 881
183 585 350 946 58 87 293 858 286 380 308 993 944 236 128 396 529 715 174 126 71 704 752 654 667
389 543 703 941 776 422 315 346 588 650 114 377 97 683 236 119 701 695 279 25 465 448 822 757 489
681 474 435 623 783 629 337 192 984 152 638 969 234 170 27 783 621 154 639 871 932 863 275 402 617
781 964 2 55 80 23 996 408 211 418 955 984 473 169 113 648 719 855 65 389 565 142 69 293 285
148 839 599 758 775 29 86 93 482 851 589 504 570 401 357 171 33 831 108 461 693 526 85 32 586
918 380 133 663 684 470 729 752 122 187 524 523 779 455 559 422 840 220 897 506 207 686 372 217 18
971 579 447 42 237 307 857 511 747 879 716 453 358 558 111 300 93 752 67 579 254 489 880 850 466
649 398 377 431 881 680 131 944 695 724 66 648 76 554 891 849 486 939 990 889 120 449 554 694 80
666 2 40 614 202 804 46 504 575 936 482 95 599 875 750 243 602 799 456 17 468 437 27 960 868
796 737 334 82 130 94 653 368 562 418 930 378 862 801 841 9 173 525 833 119 260 181 987 584 217
6 438 81 989 724 421 118 766 615 900 427 844 30 583 283 561 526 230 207 778 240 124 679 613 610
597 952 890 563 520 216 252 635 806 577 851 520 743 672 646 363 743 347 499 710 69 750 292 936 245
251 232 535 742 607 322 188 377 952 108 469 93 357 198 595 990 257 193 25 146 800 960 91 985 169
176 633 195 578 429 173 997 778 717 304 230 838 725 281 265 761 648 734 75 626 406 188 219 229 291
858 997 544 163 98 97 910 598 400 82 53 562 932 39 930 616 114 717 681 978 767 404 804 848 686
277 174 915 553 308 120 966 956 295 109 144 503 311 794 289 744 922 327 171 359 239 806 820 84 897
823 745 177 753 217 853 741 892 378 84 353 348 540 926 645 416 619 739 804 618 999 135 66 335 473
856 52 455 639 831 544 632 31 260 399 88 540 721 917 728 155 984 128 88 576 625 539 182 653 3
459 826 334 5 306 775 478 685 42 673 970 3 841 703 661 296 521 782 847 368 941 825 32 401 309
171 162 771 702 896 475 933 269 741 591 66 623 787 905 527 264 437 879 799 835 425 286 706 44 938
735 75 516 105 963 525 416 547 325 542 665 624 986 984 673 955 321 809 915 426 818 27 315 409 962
226 487 756 399 771 88 992 189 243 761 92 103 756 529 478 330 829 485 104 312 389 767 718 397 331
682 894 103 768 82 563 967 981 473 731 546 876 821 377 699 69 969 966 887 476 789 765 442 576 164
