25 25
681 998 308 930 135 463 227 539 108 584 803 93 157 138 682 821 155 917 28 108 20 582 583 765 156
63 673 570 754 137 426 125 238 902 715 618 216 600 501 982 718 656 203 195 442 772 575 826 918 226
959 381 480 111 34 89 900 597 706 795 534 6 350 750 51 848 471 684 98 544 321 114 186 672 155
912 829 372 704 442 891 446 177 458 433 228 881 995 284 248 487 454 853 381 150 801 327 344 718 407
238 610 906 912 558 808 910 938 375 74 923 6 768 174 617 490 700 874 557 857 396 686 285 914 882
49 7 443 79 477 862 941 801 347 536 448 468 115 280 26 246 679 948 793 609 242 567 618 761 820
689 241 922 955 98 853 95 703 70 949 335 795 283 841 82 688 481 445 268 879 34 139 880 331 688
822 577 359 578 965 966 971 437 45 278 645 576 377 836 947 649 411 617 147 853 174 530 245 79 647
96 650 588 170 351 171 363 844 862 190 962 211 325 230 694 801 842 687 599 196 56 419 404 646 150
92 26 42 716 589 33 855 769 323 769 486 820 219 578 254 508 758 576 672 462 816 428 752 744 955
414 164 479 431 446 401 438 140 764 935 161 385 796 842 696 761 905 932 796 256 471 476 965 74 786
701 433 489 359 426 191 438 501 471 369 491 84 362 416 476 779 692 229 91 713 706 505 366 867 692
701 679 233 472 586 285 566 331 958 481 837 405 90 784 46 625 70 61 623 765 705 314 145 764 707
396 315 35 493 268 356 807 182 731 498 341 164 254 69 35 413 270 53 842 630 983 533 664 686 55
199 736 651 456 42 538 965 942 848 187 195 627 263 428 480 537 598 712 199 717 698 664 253 380 735
703 264 694 186 901 613 320 991 332 793 831 525 10 366 727 707 638 575 488 463 278 248 629 595 46
31 129 70 550 346 560 382 795 300 407 836 609 954 780 902 872 767 645 834 508 776 870 239 626 788
374 729 791 340 33 150 412 135 466 44 864 464 946 137 233 988 595 747 0 149 275 170 474 374 585
51 426 97 341 683 965 833 38 199 872 265 284 307 970 841 676 97 145 542 3 443 466 428 420 819
588 728 14 846 268 804 631 174 30 747 68 567 686 302 533 0 62 157 440 795 471 54 480 345 176
584 520 374 233 882 254 316 553 699 950 771 173 29 440 160 281 622 894 829 95 636 858 950 465 384
864 289 492 396 339 123 771 270 164 138 632 901 144 4 282 567 295 751 327 751 635 146 35 921 512
24 726 979 871 449 421 903 672 391 245 960 297 307 95 398 808 116 712 866 502 746 104 685 350 110
972 691 839 808 768 973 205 119 847 195 250 15 9 891 438 19 244 712 395 86 528 0 720 164 287
700 101 433 379 71 258 775 578 596 89 551 609 417 312 359 848 417 647 800 166 258 640 210 695 642
