25 25
537 718 464 478 782 878 305 980 245 897 19 779 668 403 779 522 135 535 208 730 572 941 212 989 640
725 626 758 626 935 324 267 19 917 145 299 474 500 143 863 790 76 818 293 585 637 245 375 910 328
578 895 739 423 136 614 981 591 660 119 235 745 680 991 5 970 714 702 75 91 564 687 920 649 528
861 606 358 208 724 255 404 312 505 152 221 890 504 189 268 4 261 818 388 545 209 850 620 767 550
721 41 663 278 971 357 624 578 275 891 958 728 682 634 80 807 917 191 750 300 595 133 880 680 627
442 69 407 756 484 682 927 697 982 628 837 893 205 489 603 58 712 648 583 979 247 898 470 504 656
900 187 935 941 464 722 378 400 613 286 642 221 39 255 870 516 193 612 733 130 70 358 512 674 536
404 269 326 811 263 53 619 181 419 673 23 442 702 490 741 539 958 301 88 66 641 524 94 155 887
714 681 908 513 120 689 316 446 719 684 662 618 654 591 723 709 72 91 588 388 490 938 938 742 459
866 810 580 300 737 722 27 837 442 153 63 43 168 965 981 226 818 879 422 477 851 311 4 520 436
786 838 710 281 710 301 222 261 252 871 678 926 173 339 118 772 354 370 520 2 809 32 523 499 391
552 533 935 351 933 837 846 750 566 479 53 437 894 474 981 306 809 173 320 539 431 709 297 461 721
244 998 375 859 561 241 675 603 550 920 471 165 416 807 973 480 856 530 550 487 25 922 672 179 224
830 922 943 120 817 330 934 719 804 554 200 319 480 71 655 750 792 524 26 48 486 285 771 140 588
90 526 253 12 795 788 794 161 27 25 387 557 968 209 422 889 104 367 615 523 182 700 492 822 87
809 315 655 8 127 748 682 311 975 819 464 700 44 524 959 924 665 994 341 992 821 885 489 643 574
828 680 652 294 12 474 978 559 260 197 414 56 760 734 731 281 269 561 286 498 722 911 723 534 371
819 669 259 970 535 997 899 509 551 100 711 697 508 719 112 964 319 834 859 690 106 372 153 727 396
190 77 366 306 240 927 223 102 291 292 606 197 417 635 211 573 220 849 717 714 138 728 682 747 732
968 56 246 495 746 236 179 102 344 80 358 553 410 520 650 488 764 522 43 277 924 685 364 31 499
148 197 486 326 580 668 352 651 912 793 569 834 414 573 427 723 572 263 178 215 869 382 776 401 60
577 532 897 613 588 268 890 954 900 910 104 514 501 805 535 669 884 637 903 914 582 42 974 974 968
991 646 646 370 764 645 206 444 167 205 500 221 258 64 958 669 907 175 592 356 746 690 890 897 166
45 212 785 70 627 50 400 402 579 904 917 675 941 296 449 305 637 688 345 898 930 665 397 989 458
829 962 563 964 501 51 742 44 831 423 951 84 536 873 819 858 739 275 77 708 781 481 249 625 222
