25 25
694 160 122 16 567 427 341 210 247 419 355 827 509 414 938 834 498 622 878 170 448 520 144 795 847
366 43 754 401 768 404 284 603 563 24 681 482 588 454 598 587 98 987 693 352 739 955 475 699 956
335 920 970 813 92 91 844 781 8 31 800 23 969 599 86 908 682 511 791 23 582 363 731 412 545
574 203 31 539 289 153 443 727 786 736 341 243 129 403 232 898 468 919 189 948 179 31 248 949 845
289 889 234 159 493 853 989 174 224 123 953 586 343 832 653 28 552 603 869 115 124 664 204 514 624
869 491 623 430 592 465 256 575 555 675 18 744 864 775 744 502 823 332 816 488 402 155 933 14 707
724 171 381 502 541 795 568 603 405 683 240 345 71 636 371 455 46 338 162 177 401 272 842 67 615
665 140 454 808 103 342 524 550 548 333 408 979 397 649 361 388 681 986 254 989 521 454 168 804 746
778 634 653 618 694 505 30 123 797 989 467 594 97 483 565 419 518 387 383 296 860 9 847 146 575
803 476 477 754 337 917 777 174 550 243 732 475 344 543 484 314 698 432 629 539 511 609 591 650 135
412 335 198 663 830 504 82 760 953 843 2 266 572 541 183 947 59 447 232 22 659 407 655 388 650
775 57 164 702 489 554 742 877 50 592 773 519 11 946 660 821 33 451 108 223 580 387 659 575 336
563 54 968 733 241 198 266 979 705 39 787 110 412 326 198 298 837 251 582 95 564 447 667 888 508
325 782 373 885 142 558 577 526 346 397 475 429 582 293 642 893 552 787 999 300 598 958 700 543 918
675 597 463 824 627 235 788 438 786 953 573 863 567 314 835 782 838 729 183 891 947 106 686 576 399
530 23 67 568 661 264 997 667 315 530 317 290 135 695 604 252 46 369 113 860 916 315 327 604 151
152 246 461 746 332 280 67 457 958 337 714 184 486 59 855 770 114 878 359 132 935 571 782 461 44
792 191 147 107 912 0 438 618 289 89 801 327 371 993 158 331 810 217 675 930 873 49 646 578 647
322 132 458 713 151 599 689 406 99 34 928 327 402 424 432 581 407 530 316 6 773 421 131 944 707
628 109 521 691 974 876 274 990 739 236 122 328 886 82 45 950 644 432 961 161 796 469 41 925 973
355 812 103 933 959 835 155 854 229 970 970 139 755 82 663 723 606 219 1 986 670 151 498 852 380
852 167 419 276 139 462 469 938 452 17 184 369 910 839 781 496 532 802 174 941 488 840 194 747 396
17 336 692 174 798 412 825 679 818 645 28 818 582 872 141 114 219 81 586 356 957 6 508 946 684
588 404 706 774 280 958 117 235 984 368 275 904 978 887 323 343 65 398 680 949 579 796 135 253 839
859 658 789 311 619 921 583 468 506 128 353 917 426 214 852 475 652 255 3 576 213 215 977 692 785
