25 25
784 470 847 785 5 754 800 156 484 730 609 2 914 37 453 560 720 833 703 834 600 137 594 535 593
596 687 866 194 226 156 325 731 400 876 643 253 500 498 72 114 601 586 661 516 659 972 861 945 105
160 639 318 666 738 116 176 836 71 392 519 675 50 972 419 763 788 199 832 676 47 474 626 421 783
768 833 3 634 98 867 961 278 537 811 738 261 723 306 264 24 258 225 681 410 354 967 321 439 925
911 409 805 55 936 133 554 556 290 757 461 53 558 973 597 532 884 997 665 598 786 610 728 338 331
748 324 284 350 768 979 434 440 506 740 709 848 257 430 401 506 365 422 378 725 290 436 282 805 271
860 723 388 901 291 201 56 202 318 388 628 22 313 223 475 101 167 258 84 647 693 557 781 756 144
51 787 704 150 516 223 42 740 191 111 175 287 718 975 522 663 941 33 171 448 760 765 951 477 344
849 421 166 431 207 62 437 658 523 280 873 342 299 291 288 921 755 529 260 259 452 603 789 661 501
256 608 931 115 536 741 297 351 484 995 887 76 45 369 533 721 986 491 459 677 635 96 932 828 391
514 864 343 904 711 189 522 107 185 856 221 759 781 830 967 241 943 671 887 607 282 589 923 708 990
587 890 519 70 697 390 456 872 594 471 382 53 509 184 46 686 506 448 359 4 144 569 351 917 241
211 639 856 281 667 950 213 684 222 770 448 219 732 833 386 541 425 545 564 661 30 546 287 107 658
654 163 492 811 41 565 602 147 984 582 985 25 947 153 462 496 823 932 167 822 393 596 35 562 705
62 401 190 872 364 291 26 122 662 517 150 264 833 65 382 649 420 40 354 372 857 720 832 958 767
881 49 620 15 191 374 720 325 806 765 924 982 214 818 284 282 729 331 989 288 763 760 859 314 634
764 771 182 965 556 455 74 88 480 496 443 725 118 519 856 339 856 151 544 154 71 71 12 197 422
450 265 923 394 891 634 317 853 949 604 921 303 820 590 766 702 948 486 295 639 613 264 728 86 672
153 575 186 977 703 644 394 727 203 252 495 898 238 633 720 992 725 350 198 837 630 369 455 205 36
401 60 646 980 560 529 625 621 974 82 895 297 146 331 426 673 235 364 235 409 661 425 395 983 328
281 604 332 381 91 912 857 37 49 678 945 112 46 938 87 27 993 899 632 517 445 562 575 557 213
639 721 148 314 569 678 777 829 469 345 356 746 38 215 840 249 816 466 967 191 538 660 833 491 438
613 374 917 196 26 844 472 914 793 781 753 883 422 131 658 798 213 344 32 198 896 988 797 132 407
516 976 465 259 953 877 332 72 880 386 331 856 815 123 340 330 630 421 528 373 129 563 360 795 990
689 686 663 108 301 979 34 942 141 765 300 732 256 130 439 747 39 215 109 836 491 518 72 479 808
