25 25
398 358 992 785 630 60 962 161 414 229 780 937 564 951 778 586 780 976 432 35 226 559 736 985 7
423 500 657 471 186 102 150 217 317 302 428 580 360 828 311 714 874 386 143 230 554 347 128 486 256
432 754 486 34 360 422 881 432 369 31 648 911 836 447 213 291 11 165 346 275 155 167 868 585 72
664 112 578 907 900 780 46 480 673 69 168 877 653 393 870 839 898 998 272 477 437 677 979 725 432
685 432 968 762 592 709 664 64 706 505 411 206 35 205 328 508 477 222 396 992 263 339 853 688 587
310 876 592 394 426 974 183 758 467 352 441 531 341 34 744 893 528 708 745 193 308 43 142 827 269
815 901 275 196 424 532 953 390 298 875 465 793 796 915 424 981 498 687 12 301 664 282 597 762 446
450 769 740 575 298 326 446 357 72 932 788 386 186 575 544 335 708 507 560 561 14 927 214 172 6
62 741 416 536 378 767 892 441 385 806 912 862 553 968 493 827 310 171 69 102 731 270 579 479 445
103 476 174 940 87 840 675 757 540 703 633 358 669 833 605 347 227 857 137 942 918 864 205 916 710
222 119 936 677 402 685 696 710 773 200 338 190 800 706 727 77 879 413 476 354 876 943 473 168 58
265 415 227 915 477 188 673 954 358 750 369 645 460 876 517 820 664 385 214 266 919 593 668 244 874
842 480 23 379 224 726 528 617 189 150 617 688 368 656 916 780 953 814 817 260 855 263 590 472 523
132 718 581 562 457 824 208 445 1 810 80 902 512 684 815 37 519 694 150 333 345 270 792 199 698
203 736 822 281 368 59 395 242 403 519 129 202 762 955 131 674 371 776 92 16 55 195 984 688 759
480 161 498 668 770 552 833 845 239 931 498 847 37 14 433 233 147 942 385 729 329 12 832 914 935
772 387 300 43 479 90 160 982 362 512 512 526 262 235 888 821 988 558 676 738 571 448 963 566 48
204 892 471 237 825 305 199 757 560 358 425 601 8 324 399 19 937 946 943 926 474 879 487 785 820
282 485 196 594 220 861 484 701 181 422 356 228 404 808 914 430 769 909 770 17 614 187 825 472 213
902 993 606 952 84 35 455 441 735 440 789 628 159 644 742 753 286 247 610 633 848 262 225 561 688
155 796 586 920 566 966 765 430 668 208 117 206 726 438 111 513 995 579 251 414 365 445 600 877 926
701 534 165 700 661 559 222 474 443 341 540 62 911 364 621 231 110 446 542 606 967 196 534 850 282
989 40 195 582 545 382 620 273 902 168 907 498 149 109 699 245 541 942 897 239 658 891 951 422 170
687 359 478 305 833 291 633 928 768 878 16 195 832 714 297 687 770 434 121 882 555 628 805 403 930
841 921 775 427 58 931 355 273 703 744 810 801 400 571 954 595 30 921 378 164 653 976 507 104 421
