25 25
733 744 663 774 52 819 142 611 121 341 734 174 540 911 82 428 845 425 681 870 429 490 687 33 378
924 455 603 245 996 88 458 246 770 175 799 294 443 51 154 326 492 517 690 40 12 123 937 861 385
790 596 278 125 284 371 989 17 883 273 920 48 669 599 491 95 945 445 421 487 155 538 19 124 53
509 873 112 874 669 453 599 942 332 721 574 972 76 555 176 26 390 216 298 693 908 677 973 464 73
330 809 397 108 146 284 862 755 655 232 290 781 562 220 628 566 182 871 381 374 129 365 783 14 401
752 956 61 69 652 982 142 801 429 328 971 326 159 547 255 241 62 83 972 400 182 866 378 784 284
435 432 983 850 379 978 105 156 491 632 34 970 824 813 833 219 441 694 558 695 951 473 144 140 723
588 356 844 620 874 336 887 440 609 947 511 225 276 662 956 158 315 167 13 598 367 155 187 831 303
692 948 536 487 81 849 924 537 382 427 724 664 597 581 427 191 144 259 752 893 455 523 323 109 449
184 174 969 398 740 100 476 266 887 326 41 647 515 509 838 31 402 455 783 67 30 501 156 908 499
744 364 804 243 211 988 566 30 458 188 92 447 154 132 470 596 57 489 843 778 852 969 69 401 410
262 382 606 988 1 510 775 562 405 53 256 651 907 762 435 512 146 337 765 898 73 800 454 381 793
678 925 172 883 741 840 84 671 153 54 782 548 769 778 522 183 480 571 267 308 135 896 532 338 573
703 713 401 241 646 696 458 591 968 247 178 382 26 265 403 875 251 275 177 64 412 590 188 773 52
910 699 875 293 4 25 668 533 565 335 565 809 642 387 426 350 246 210 156 524 98 670 598 953 666
919 876 653 392 504 313 72 478 98 657 287 1 130 995 916 756 972 148 561 964 856 857 687 77 334
731 776 550 554 259 214 100 866 447 369 241 672 51 192 952 327 934 259 960 856 707 38 345 621 647
591 643 458 946 117 806 315 18 373 722 500 824 553 975 221 882 296 375 20 977 334 844 348 648 146
644 635 508 585 658 725 635 11 985 387 990 299 327 24 709 200 477 602 79 954 865 366 782 269 556
91 377 234 555 682 325 807 30 305 4 466 591 964 875 189 342 527 637 589 104 234 203 667 987 125
258 8 149 812 408 552 619 777 575 176 951 892 761 329 874 919 204 843 628 496 891 745 16 6 602
586 100 43 341 217 755 265 768 727 181 888 40 924 653 564 723 108 163 176 583 644 972 756 197 488
823 986 220 371 566 798 737 803 352 663 684 870 271 536 789 292 753 748 798 496 104 128 590 893 559
919 691 597 44 752 710 370 175 651 657 836 536 333 118 200 623 536 104 213 159 841 339 882 275 699
884 479 343 384 309 251 437 759 93 627 308 687 920 0 464 403 175 898 437 11 888 830 732 704 261
