25 25
225 902 141 890 684 264 816 923 635 668 809 657 261 911 827 609 299 557 210 913 304 19 706 833 369
847 159 27 409 907 958 911 11 97 326 117 355 648 206 433 0 217 902 10 218 713 200 156 602 754
699 882 778 874 153 566 543 672 389 456 244 789 501 204 951 233 443 60 804 201 682 557 143 552 671
68 978 983 170 788 341 694 555 850 582 57 701 361 192 551 134 78 44 252 341 54 768 292 424 615
73 859 876 72 570 977 412 823 973 425 111 98 863 180 11 536 366 224 623 600 342 593 986 962 748
890 620 846 937 254 897 405 747 257 384 899 700 405 86 455 298 681 366 457 383 621 540 475 666 524
213 580 70 494 28 34 592 20 225 468 999 504 188 499 890 252 464 823 252 867 653 334 752 721 218
7 685 415 982 911 285 257 268 362 57 439 80 80 328 845 885 618 120 312 157 970 566 663 16 23
700 56 439 942 660 219 980 63 510 331 693 794 865 999 858 503 380 430 42 278 341 641 870 839 793
53 410 430 456 736 313 979 621 136 331 474 701 427 681 226 512 823 596 889 843 804 380 242 800 135
977 644 119 908 557 907 976 502 911 113 953 623 382 197 359 967 415 871 455 933 202 27 391 750 624
562 7 70 376 670 387 774 223 487 700 163 281 20 222 837 829 314 359 999 497 158 930 338 782 752
430 837 93 155 164 982 170 364 507 110 755 737 582 438 338 169 92 671 45 701 990 887 833 47 351
661 377 240 438 805 291 520 286 685 51 147 215 359 641 672 527 802 897 951 139 263 557 703 209 626
142 280 328 593 312 639 316 551 894 534 112 379 53 119 520 892 255 543 490 251 27 63 248 750 476
41 633 119 393 455 764 16 699 651 588 596 678 752 782 923 397 655 489 324 422 93 400 349 138 642
672 62 293 769 503 554 535 951 878 870 642 84 511 920 398 636 71 304 837 500 762 548 380 497 631
765 354 361 679 121 781 967 996 820 18 896 955 752 86 653 577 242 61 264 214 458 714 703 815 761
53 714 92 429 993 7 916 882 158 493 642 460 467 347 416 650 144 830 963 142 597 360 918 438 163
723 242 144 765 147 300 439 485 696 920 211 177 763 23 220 826 855 893 554 598 300 974 534 510 471
562 711 835 775 408 944 159 748 585 604 747 608 4 241 298 347 186 131 750 69 193 971 963 420 114
370 449 983 955 116 326 978 677 519 623 451 514 64 231 862 952 884 574 558 400 942 885 349 162 959
210 701 344 76 144 949 574 981 108 220 895 226 431 158 131 217 485 945 49 837 897 169 309 212 808
644 323 475 614 943 144 709 188 607 213 696 596 935 968 881 228 409 752 951 967 93 155 346 616 905
731 768 718 536 977 76 234 80 130 597 958 191 8 90 79 243 321 774 404 131 502 923 765 561 12
