25 25
780 592 963 610 414 981 717 815 296 361 637 560 528 850 242 341 2 662 190 597 712 315 213 523 176
169 423 979 332 469 174 460 373 281 46 287 144 607 772 344 54 259 799 239 887 942 655 527 121 322
267 977 794 493 51 429 795 478 820 378 201 573 347 605 421 223 391 807 369 709 526 819 189 879 952
259 766 376 611 696 130 800 152 68 627 370 335 688 967 93 949 232 89 354 590 397 162 871 373 514
135 163 133 987 78 75 212 324 67 734 940 343 337 147 133 292 690 174 193 585 591 343 142 919 23
698 267 777 882 734 902 306 826 919 87 581 789 346 934 636 688 438 992 686 926 216 436 577 646 577
221 940 538 335 672 736 837 389 45 210 750 958 500 638 984 16 755 657 425 442 692 447 716 832 132
54 661 235 932 477 598 519 968 686 75 69 537 910 303 775 260 481 32 898 309 704 425 809 725 416
273 611 810 699 467 591 517 145 260 187 839 509 27 658 571 741 371 451 484 493 186 87 957 208 453
939 536 47 566 156 6 287 92 271 359 548 948 962 281 500 772 312 618 175 23 22 656 465 264 576
871 404 176 501 991 475 596 202 684 190 430 218 201 912 486 802 137 846 425 695 257 992 889 876 205
658 384 15 335 840 106 879 258 883 745 208 972 457 932 47 633 230 629 80 930 178 492 432 219 184
368 875 66 414 715 316 995 406 409 268 880 503 938 0 695 796 573 506 728 235 964 36 982 364 993
168 60 531 936 755 796 111 238 398 123 591 237 489 743 675 688 134 819 721 158 750 589 854 176 389
222 202 56 865 830 21 953 80 427 160 488 285 319 121 81 608 668 352 920 508 111 436 294 728 384
932 915 859 681 129 468 986 805 919 151 444 125 350 259 733 900 329 45 694 279 678 775 160 998 561
233 95 350 191 701 867 543 975 109 25 142 269 956 141 632 20 50 85 129 360 319 664 44 560 186
496 984 713 819 526 723 658 91 911 148 895 512 373 567 942 75 982 318 307 982 807 905 66 701 346
746 554 338 193 939 170 968 815 521 898 636 239 611 783 60 294 784 21 127 916 942 719 618 230 488
657 496 258 250 693 534 160 473 65 412 522 696 210 483 28 892 732 475 627 487 237 809 14 122 678
501 761 189 995 479 644 506 898 523 50 433 209 14 873 686 80 751 690 44 987 611 606 337 992 908
975 661 221 353 324 48 879 728 773 858 694 535 852 987 115 80 189 133 838 114 745 694 924 327 974
184 421 495 959 462 117 574 15 880 613 234 7 990 875 462 125 483 686 258 696 112 301 922 933 193
36 54 391 184 3 755 362 801 851 492 587 72 194 138 160 236 824 255 817 285 23 271 21 218 265
178 6 55 338 638 598 205 459 460 918 817 796 170 922 650 551 466 591 714 358 773 277 575 837 854
