25 25
192 626 639 323 929 341 336 516 466 809 942 450 721 702 752 199 10 382 217 922 349 991 642 938 152
182 963 191 872 319 333 676 662 609 907 196 13 526 118 22 332 710 835 421 981 358 230 869 785 465
479 982 877 692 186 66 948 792 992 675 422 960 322 936 30 54 920 676 905 772 879 432 128 135 581
500 538 186 40 294 866 577 330 791 421 316 245 697 186 711 589 396 875 420 408 679 859 586 571 840
212 130 805 934 243 66 125 460 106 462 799 573 721 648 618 500 381 224 550 865 958 566 468 654 908
429 906 341 322 631 794 562 727 804 13 862 124 955 326 810 194 358 890 559 749 50 858 175 409 516
792 663 240 170 176 743 867 851 183 832 766 689 582 312 609 915 692 306 733 717 744 514 390 901 936
513 975 632 143 773 994 312 872 662 430 78 27 54 267 553 924 340 14 492 231 657 835 8 901 497
420 494 630 459 699 453 217 451 779 789 569 849 286 775 323 518 207 566 927 228 207 962 189 352 9
470 611 760 46 899 765 637 68 566 318 856 482 377 441 281 777 626 597 924 685 351 518 41 765 602
866 223 962 922 560 443 93 24 192 324 648 917 420 779 404 546 86 322 571 860 232 741 35 783 585
581 775 638 299 210 777 79 40 407 95 485 620 585 287 722 765 854 933 560 287 63 796 562 751 291
785 307 615 110 753 4 605 391 733 916 855 138 268 796 398 859 58 450 70 508 71 634 186 556 579
529 905 203 72 266 891 544 382 907 416 570 986 55 96 400 88 562 818 893 125 593 380 661 118 362
884 807 346 859 610 722 763 940 653 36 888 988 693 783 597 406 54 351 636 907 662 521 716 269 279
428 662 347 145 275 243 362 515 275 595 876 755 708 238 135 128 410 191 656 802 56 1 506 729 798
763 232 812 187 298 643 518 235 111 45 910 181 968 622 700 633 141 364 914 455 771 459 576 224 913
932 428 626 301 621 80 747 702 231 360 437 923 32 135 59 663 130 193 451 204 766 384 960 771 355
553 929 637 585 245 840 260 4 448 927 83 135 102 28 463 149 243 152 822 996 418 698 658 495 607
80 528 560 891 693 575 232 448 570 4 564 393 14 335 548 602 175 896 52 712 199 54 878 306 832
936 40 918 412 509 649 843 763 112 699 145 607 697 639 15 849 469 879 952 304 655 199 276 369 881
87 398 910 672 59 819 98 886 534 100 628 556 351 903 847 752 709 716 829 945 704 934 444 313 59
77 500 891 98 62 995 146 781 226 322 261 308 228 598 214 999 718 986 74 434 576 5 447 496 269
350 242 975 157 427 220 558 615 79 548 289 428 173 619 178 969 882 641 122 105 122 650 992 21 16
184 171 82 605 911 244 438 596 187 356 813 136 942 546 98 94 89 791 541 165 61 214 299 369 406
