25 25
844 750 286 447 857 267 250 409 372 161 621 848 403 544 959 631 678 623 450 607 934 324 522 668 127
919 578 502 566 132 106 824 287 966 190 850 660 211 992 536 918 380 302 647 872 69 533 981 248 948
922 237 857 677 284 934 449 276 471 966 303 916 566 230 912 244 422 701 289 192 832 749 353 295 774
192 420 834 229 605 342 442 665 244 826 152 716 990 25 795 981 994 215 230 2 660 240 311 629 599
440 316 662 462 325 906 705 832 386 704 32 419 203 985 540 243 911 851 713 794 160 504 903 28 311
204 105 102 425 739 236 138 932 974 690 637 201 157 175 231 289 37 921 124 609 468 656 667 332 45
168 433 587 792 628 618 64 426 1 812 676 987 228 185 625 528 385 857 806 888 866 971 239 638 55
694 51 478 969 176 477 93 853 916 547 917 605 972 821 154 282 74 771 279 175 402 574 891 834 699
456 835 133 92 441 760 716 913 998 947 728 105 679 542 747 982 943 869 930 404 108 835 705 959 102
680 380 407 426 529 823 769 938 810 233 726 622 722 659 302 238 630 246 122 285 79 794 468 840 403
147 269 880 147 239 328 817 905 201 539 397 386 721 830 881 409 895 192 112 54 575 341 770 316 301
423 519 707 334 216 176 283 761 676 636 857 769 740 660 118 545 710 629 971 18 21 389 984 226 426
652 589 461 825 253 507 106 781 87 120 957 719 358 67 998 187 84 405 104 226 716 798 577 562 540
14 239 56 354 393 278 870 650 717 439 368 257 367 786 676 677 952 468 722 985 418 833 310 166 407
725 826 257 318 231 149 815 672 581 132 677 793 697 3 25 650 412 79 782 615 6 929 608 923 717
788 576 444 239 63 442 387 338 148 492 915 88 496 664 88 48 450 296 973 989 284 714 246 303 599
440 319 245 770 884 167 138 685 450 253 378 134 342 244 96 150 436 927 160 924 372 202 439 559 684
407 990 586 65 229 86 776 404 732 425 998 184 230 679 534 860 381 818 553 680 33 602 58 754 900
777 533 720 21 301 139 325 518 153 840 132 326 861 906 924 700 747 304 249 962 608 169 879 768 647
932 653 797 618 238 532 323 655 247 967 44 905 868 619 780 291 766 558 992 448 949 972 487 170 485
493 592 732 842 243 947 821 410 987 97 868 915 725 987 300 755 567 596 354 908 845 421 589 903 197
168 45 423 785 444 233 723 461 593 955 717 332 739 243 642 582 441 655 815 238 155 591 341 4 53
36 446 788 607 484 883 950 645 461 747 570 685 930 589 352 759 380 677 605 150 268 201 88 530 500
933 516 288 431 423 144 436 608 63 748 46 78 505 663 452 722 474 731 96 468 637 882 617 618 855
947 775 664 413 766 544 53 362 243 515 132 627 426 356 366 4 685 414 905 160 18 54 577 323 343
