25 25
165 412 885 877 514 241 824 352 270 89 260 470 468 10 565 222 363 249 20 45 104 730 500 164 142
622 884 19 553 319 831 525 895 730 915 315 349 554 197 976 855 203 797 784 561 685 987 402 27 642
138 942 988 321 939 566 228 791 369 855 806 830 700 255 730 173 761 276 279 982 148 463 906 886 452
45 828 496 119 593 707 770 108 10 480 180 936 520 737 600 896 477 221 566 181 180 481 835 999 602
572 798 301 227 173 321 813 535 964 672 207 369 614 269 539 754 968 773 995 609 43 161 226 397 508
941 434 331 230 307 27 305 481 405 13 949 138 855 371 452 890 141 619 855 902 166 434 348 82 96
858 48 889 347 83 34 990 700 401 829 666 21 103 803 325 338 309 569 296 240 162 921 543 375 801
639 183 620 290 764 877 188 682 887 449 35 667 300 233 135 625 889 41 105 52 176 936 541 305 134
794 832 854 561 305 156 643 375 106 484 406 316 753 7 990 809 759 322 627 526 199 695 472 217 131
583 77 380 765 99 283 561 285 303 605 706 606 542 18 511 145 457 474 38 116 427 393 420 201 262
513 813 932 405 179 140 456 805 275 575 401 716 264 568 643 534 197 840 4 991 607 103 149 828 351
980 909 482 47 973 150 476 274 124 670 99 298 383 735 894 443 945 963 755 739 268 92 762 612 484
986 434 298 419 780 375 403 686 37 280 182 322 502 105 405 622 181 880 458 399 485 366 11 521 997
580 714 544 279 514 616 657 403 945 981 602 812 749 681 986 749 192 756 705 474 876 701 378 3 994
169 922 402 368 60 846 614 903 974 746 378 395 285 887 342 283 888 335 101 747 911 174 647 184 360
827 695 389 967 83 152 280 858 292 343 458 748 857 105 71 626 735 902 939 613 170 183 356 671 182
451 634 269 212 905 152 900 646 584 867 309 856 902 249 817 91 601 17 997 408 817 907 379 690 642
561 908 790 410 769 289 961 176 44 763 64 596 35 486 941 296 951 292 317 139 691 515 35 736 25
262 615 791 952 636 628 384 879 590 429 350 506 148 467 753 178 836 435 485 598 83 951 773 932 967
935 818 435 47 74 538 129 924 674 432 984 429 876 737 860 357 401 1 834 509 722 100 827 595 351
601 724 900 530 256 28 178 864 677 790 643 346 448 431 905 529 215 850 416 53 395 444 164 238 701
482 825 633 575 653 355 430 294 730 334 691 146 758 474 49 28 156 97 395 22 725 565 378 387 988
816 491 531 17 497 3 670 399 566 269 488 601 635 443 597 761 272 685 576 839 51 462 305 447 836
157 822 309 922 978 388 868 363 814 746 897 334 675 952 99 851 949 358 401 817 595 328 284 788 176
447 106 365 747 414 770 184 32 106 610 40 632 855 991 32 402 653 705 107 316 318 257 916 125 948
