25 25
871 273 653 201 299 45 236 856 465 195 413 435 179 878 765 335 531 708 267 854 597 952 373 492 514
61 621 629 929 258 957 479 934 843 549 412 583 720 472 804 280 784 656 830 316 588 112 181 241 898
653 307 117 934 401 22 504 668 693 311 221 170 830 971 613 52 317 684 778 743 913 166 845 554 421
888 655 748 642 246 8 0 370 821 813 953 666 484 443 576 442 401 687 709 672 540 72 304 19 553
429 939 993 983 856 696 317 940 248 995 511 206 638 341 52 398 676 760 454 263 967 849 437 977 177
203 595 280 11 84 318 522 566 999 639 163 78 385 289 832 807 824 517 151 680 962 690 798 627 724
720 968 324 16 795 122 63 739 448 500 995 33 476 415 940 417 877 166 232 280 801 486 608 996 182
591 889 689 858 955 81 317 886 201 667 478 573 132 478 521 792 196 588 939 932 518 232 465 99 549
767 513 314 333 953 98 195 52 757 928 917 396 800 154 463 855 614 169 715 356 345 139 733 678 236
545 459 462 850 103 164 354 763 6 316 844 893 461 721 8 486 72 832 537 583 633 727 571 734 207
787 668 226 104 792 678 127 862 179 544 176 753 554 262 592 762 896 657 193 958 980 169 647 90 197
382 789 374 275 508 149 271 716 272 89 953 652 939 664 128 652 624 453 277 827 733 127 480 926 291
499 86 760 708 392 793 847 714 581 213 936 249 238 219 405 679 44 448 200 409 792 796 556 253 430
55 327 762 486 147 727 228 541 686 327 708 583 771 969 771 506 390 659 988 328 416 523 495 264 889
816 340 692 794 48 587 704 571 400 24 768 171 349 887 721 535 235 968 967 756 38 669 534 907 885
358 782 204 658 508 602 364 163 28 0 191 287 3 55 113 126 902 188 408 711 247 461 761 399 247
197 567 383 199 529 688 640 307 467 329 503 909 425 750 993 321 35 54 745 845 133 45 759 87 985
728 881 871 759 428 126 26 231 938 938 87 195 369 739 572 116 745 994 22 62 521 511 802 701 780
434 446 646 839 841 490 562 771 317 489 166 928 86 250 720 426 922 227 131 530 73 240 207 531 907
289 982 52 29 877 495 161 998 580 21 688 749 100 310 78 707 821 988 430 609 427 165 760 882 553
438 336 770 108 645 80 773 340 286 258 239 580 722 823 863 527 721 725 31 299 989 493 346 530 729
252 935 414 710 553 925 765 225 166 849 153 329 522 828 265 87 531 135 532 193 333 309 54 690 403
431 128 349 962 790 301 507 917 205 259 344 850 343 933 770 333 302 168 124 610 818 626 308 740 538
410 959 966 824 540 657 417 36 314 542 259 874 242 632 121 485 857 235 977 426 354 537 416 922 768
515 100 168 842 805 278 555 292 133 648 670 388 761 668 644 840 274 73 739 865 615 833 769 636 269
