25 25
681 147 557 584 461 930 34 964 868 525 620 296 104 523 967 554 594 732 532 719 895 627 222 955 855
701 256 420 217 99 166 159 878 976 154 416 384 284 312 425 210 767 991 408 112 417 15 147 588 349
805 643 593 456 75 841 51 820 890 241 49 118 808 183 391 400 410 663 555 363 154 891 741 392 954
377 370 282 548 46 402 388 562 901 919 18 176 409 562 984 47 42 906 727 785 333 397 888 554 235
835 236 659 535 601 561 910 883 626 517 792 769 903 989 95 228 297 110 778 970 731 495 371 909 662
619 439 424 940 451 373 288 607 213 880 247 398 877 250 368 721 792 880 395 998 993 841 531 671 800
777 328 603 438 380 685 274 862 705 792 751 39 461 986 477 652 403 44 780 153 851 840 502 304 522
252 836 998 48 753 771 136 162 231 87 820 306 955 180 317 664 611 33 556 134 745 805 62 996 269
849 440 312 454 596 777 260 333 845 3 795 848 236 742 384 21 960 794 967 471 643 85 242 274 492
816 606 123 948 716 238 242 960 211 960 127 990 570 833 158 289 774 977 323 540 148 208 460 823 491
935 277 347 242 294 264 261 204 72 761 142 605 159 553 744 829 992 159 545 476 964 758 409 247 761
65 251 911 138 786 198 607 232 728 216 657 123 477 726 178 824 655 475 408 96 114 317 633 486 259
813 434 182 56 559 691 323 425 696 156 699 450 553 561 741 452 318 545 670 791 150 489 944 450 759
492 101 638 110 887 439 366 725 26 189 466 540 67 537 568 838 831 751 279 843 361 952 288 973 974
618 425 226 79 505 944 928 672 289 95 675 269 935 549 264 665 897 581 839 978 709 491 92 499 275
323 722 322 736 977 641 368 220 335 364 105 694 993 430 615 753 138 576 257 290 542 767 374 247 828
501 380 472 245 642 367 422 778 571 454 787 410 72 456 538 319 433 378 152 27 882 286 604 647 815
252 846 314 663 545 618 536 140 912 474 223 874 669 301 746 395 729 173 403 425 161 75 975 415 275
710 964 146 910 564 495 491 446 800 576 820 273 342 707 673 776 540 462 668 1 820 179 272 952 34
687 682 204 988 743 362 572 662 685 679 161 593 449 77 730 14 766 91 362 167 9 722 877 358 569
395 173 513 985 516 481 905 899 611 727 204 839 628 226 755 953 828 913 88 75 73 654 644 109 942
268 158 580 920 283 996 336 949 214 114 153 933 124 28 155 321 419 503 268 648 835 720 880 894 164
601 121 86 855 882 184 958 294 360 920 214 64 600 76 414 677 812 250 497 651 809 454 324 420 735
590 762 170 806 159 965 387 453 696 200 554 866 910 771 443 160 800 782 598 470 860 323 802 57 36
483 797 148 357 132 188 86 80 32 907 875 284 265 866 281 798 425 579 626 637 453 421 119 21 239
