25 25
630 715 877 588 218 834 499 966 777 254 284 304 565 953 582 964 924 449 523 576 976 67 293 978 557
517 510 82 193 766 507 97 854 329 212 819 906 709 542 497 10 520 172 7 702 251 758 360 843 27
984 795 366 774 547 578 370 717 415 730 2 559 207 868 280 517 666 710 142 842 509 866 656 312 667
451 935 72 26 7 39 88 534 417 2 225 48 943 95 359 921 715 363 312 502 810 911 693 546 979
5 739 453 549 755 77 510 465 202 838 231 916 610 166 529 18 109 125 958 124 728 360 43 778 492
937 957 108 471 812 656 706 206 578 883 940 584 103 38 951 105 218 226 66 520 913 731 312 926 2
406 406 930 661 333 436 791 656 340 460 795 642 144 646 978 611 507 323 341 591 128 359 148 77 348
719 770 90 78 765 776 611 385 290 590 200 603 78 465 862 254 169 76 954 749 961 378 147 728 665
150 408 923 83 689 788 855 769 851 680 69 20 428 499 112 56 285 281 481 653 973 847 786 777 168
311 743 738 641 823 91 49 602 863 700 174 343 254 537 309 542 433 885 93 421 922 509 646 839 582
324 333 953 767 469 627 498 384 38 595 124 902 644 950 331 739 291 183 652 410 881 787 795 249 316
136 516 654 308 225 258 472 677 938 256 746 801 575 106 650 812 851 997 854 161 763 381 777 756 637
64 419 1 205 936 543 42 124 906 595 408 37 392 629 910 876 591 918 299 493 563 493 96 949 402
270 103 902 652 557 865 591 461 644 706 826 776 308 743 963 261 105 92 275 468 880 970 111 36 52
690 319 738 653 961 835 52 562 34 165 908 733 487 373 205 447 805 777 64 171 469 961 445 978 438
831 427 361 837 84 355 344 146 735 859 358 243 820 26 25 500 610 779 113 982 292 619 240 754 12
290 509 535 893 126 143 587 407 555 91 17 322 221 963 532 725 218 311 247 524 909 92 164 754 584
828 941 120 172 651 604 418 792 678 672 95 818 601 100 271 834 583 284 635 759 146 324 941 607 443
998 985 226 862 983 117 3 244 225 742 898 139 950 222 477 910 283 118 228 449 596 248 686 712 723
170 940 347 764 553 599 853 385 479 234 418 406 512 345 475 660 879 159 13 558 919 697 963 893 120
990 736 341 733 541 914 329 106 435 97 856 364 913 666 419 855 570 620 880 302 823 543 694 794 198
428 457 350 390 494 876 740 371 168 798 30 684 31 475 222 404 344 46 676 997 148 785 772 319 572
102 827 740 434 831 308 862 555 715 432 325 900 526 799 454 710 631 574 491 214 851 862 645 901 198
631 744 214 935 331 140 363 513 936 211 737 347 670 193 894 349 442 858 950 833 736 231 110 638 28
522 34 664 257 839 635 753 213 218 811 961 430 527 231 800 270 275 836 237 943 883 806 583 17 998
