25 25
36 223 563 938 126 455 100 796 513 842 136 894 550 821 455 613 342 66 553 406 53 600 311 828 595
445 579 802 31 527 953 560 479 188 844 451 654 103 218 108 933 981 100 843 270 254 464 458 576 37
867 91 695 33 864 734 850 990 182 886 770 994 314 552 41 844 960 730 775 597 601 402 89 376 60
990 630 147 424 127 279 493 379 305 339 245 258 125 457 289 634 144 436 527 42 888 376 231 439 190
40 944 377 184 203 205 627 885 78 470 991 243 463 850 240 804 296 362 941 444 577 843 425 350 486
38 822 929 116 893 125 786 557 91 853 837 365 369 865 154 52 929 130 313 619 762 9 173 416 634
879 730 165 372 441 607 862 647 341 148 994 375 612 495 904 315 59 410 697 543 762 755 708 630 686
546 743 162 572 248 128 788 689 902 101 488 294 345 909 800 314 800 213 640 58 791 958 200 255 582
822 848 605 986 785 752 201 64 561 924 104 13 536 350 362 166 481 568 456 96 310 799 733 212 24
993 823 30 476 778 864 515 881 924 830 842 183 64 529 10 785 981 446 34 136 638 819 950 824 403
389 32 2 773 915 938 355 870 271 50 236 24 343 208 199 156 339 773 374 194 754 36 102 579 992
483 645 731 169 846 947 838 480 454 190 38 900 346 98 988 539 17 482 883 128 94 44 974 512 281
773 115 763 844 60 987 765 420 17 473 308 16 307 291 695 871 718 61 879 321 333 326 96 827 227
632 114 208 630 686 430 136 335 94 902 646 134 163 92 876 479 190 307 813 620 113 139 216 126 642
834 817 23 125 16 957 294 139 167 787 8 670 87 876 839 695 987 998 735 870 732 42 153 935 848
940 208 710 758 246 563 816 184 459 732 303 274 75 874 208 106 198 223 695 855 523 978 168 203 797
274 422 234 723 439 306 989 595 252 631 769 392 855 80 276 689 591 39 910 351 609 298 559 818 405
372 276 440 588 142 944 693 801 525 267 760 975 911 298 177 956 714 863 908 776 455 28 403 859 504
231 497 575 987 30 563 397 203 897 215 340 597 930 666 880 697 187 152 652 283 420 515 176 49 999
798 348 489 495 662 518 826 690 919 884 644 882 922 187 874 608 458 540 22 307 671 896 379 392 529
804 674 208 33 540 841 968 397 460 834 420 340 798 35 800 269 964 763 738 922 285 232 407 916 92
554 970 362 651 372 416 196 587 351 564 687 894 857 419 613 391 333 981 873 258 406 169 166 445 103
438 205 684 85 907 907 128 461 735 848 849 793 164 153 735 701 601 458 48 208 386 460 572 3 787
80 764 333 626 84 97 548 982 40 76 338 345 838 637 675 650 351 958 99 696 451 344 85 47 565
273 337 471 24 626 939 48 479 861 465 236 606 196 875 228 857 290 148 379 629 537 560 339 777 321
