25 25
728 918 103 166 604 787 515 489 227 306 84 970 987 995 796 883 622 754 417 295 382 11 233 467 277
580 284 764 869 50 492 182 779 124 474 999 898 490 102 679 18 665 742 498 764 844 794 221 478 492
798 956 920 296 984 248 643 590 866 704 523 962 296 365 994 196 506 79 591 682 929 159 538 898 916
755 687 890 330 768 215 252 715 583 615 604 912 894 959 366 35 952 983 9 141 866 494 992 837 290
842 463 947 444 565 904 869 874 976 212 555 773 969 662 252 581 462 577 746 831 926 503 836 436 678
336 386 660 725 201 64 46 655 354 768 355 351 228 400 744 396 678 217 321 653 363 930 608 986 369
835 836 114 390 407 823 916 317 784 641 420 843 272 592 737 490 559 815 634 26 259 622 805 768 267
935 390 9 788 736 63 172 405 921 707 503 406 252 246 973 111 539 459 985 542 390 563 300 207 911
226 194 731 349 169 824 196 208 316 819 29 860 990 0 357 382 565 626 769 251 383 517 180 306 12
853 307 412 160 463 229 997 738 245 230 170 159 932 416 868 455 859 235 335 173 750 859 241 690 313
68 546 910 588 209 964 60 372 539 814 598 983 135 930 767 442 234 371 23 976 305 456 11 607 841
802 241 419 968 766 789 862 169 238 186 778 832 367 626 876 486 735 88 968 594 598 795 301 75 380
431 695 646 953 871 345 75 434 3 667 819 701 678 897 601 930 590 206 208 477 714 19 185 786 248
554 678 823 472 841 964 68 784 827 410 216 824 244 791 223 505 68 278 824 576 65 429 289 152 49
902 500 847 827 411 735 866 83 733 107 923 806 205 741 717 51 125 282 878 491 722 314 699 309 764
214 979 502 389 517 249 144 240 260 111 544 514 282 506 387 42 351 521 99 970 386 411 131 241 320
142 998 324 860 631 935 221 973 84 724 67 31 197 65 504 710 333 995 478 924 723 871 208 660 582
923 829 669 8 593 624 910 301 905 5 263 78 598 272 670 643 195 307 720 64 476 958 884 981 985
950 278 364 215 488 486 412 277 725 2 47 100 423 438 328 655 302 749 640 601 947 953 348 949 305
945 718 768 724 790 411 530 409 893 801 820 23 259 11 877 159 151 311 47 432 785 277 344 475 564
437 272 373 821 410 794 496 610 802 146 630 35 742 512 99 358 297 931 392 914 396 199 82 316 433
721 827 706 248 481 74 891 434 323 404 847 550 778 428 412 949 76 311 335 859 602 432 206 746 527
210 302 602 782 361 532 423 888 878 458 27 551 716 119 671 544 941 429 407 201 779 705 481 918 586
730 987 584 142 191 662 384 69 660 13 737 288 497 847 888 128 984 286 276 634 636 787 13 273 295
690 471 668 175 454 572 598 849 96 284 870 295 841 97 97 942 474 86 246 792 299 942 539 707 173
