25 25
93 610 102 182 713 936 892 232 823 736 889 458 663 221 825 675 316 280 491 107 796 474 512 159 83
935 213 51 238 707 559 662 518 161 419 633 377 439 20 553 160 950 163 540 646 962 904 362 876 829
592 136 296 217 636 152 864 941 22 627 384 696 932 262 903 77 441 131 539 39 395 279 442 768 31
326 464 150 447 799 292 164 431 778 846 46 625 733 260 732 517 834 548 543 159 820 903 524 587 954
946 587 106 945 158 803 678 650 604 226 60 514 166 321 521 866 10 407 455 571 857 909 589 21 934
526 555 370 744 935 774 645 9 506 327 803 196 533 612 599 965 363 781 841 790 510 903 235 666 217
663 989 287 676 879 142 985 277 752 140 76 101 201 223 20 502 730 911 780 195 279 160 314 126 501
959 90 166 25 726 741 684 904 544 216 96 857 611 540 254 981 884 871 206 189 839 64 658 568 680
888 750 806 425 358 757 740 257 251 727 230 343 37 309 711 920 966 24 239 504 45 654 76 437 498
725 284 708 908 982 956 725 474 167 303 506 283 282 878 415 0 891 631 893 778 356 545 24 55 539
327 859 267 13 685 149 740 912 174 602 12 910 741 432 582 879 563 45 499 477 755 222 353 922 227
144 266 795 775 744 33 156 673 733 320 766 919 395 550 87 966 149 525 348 675 214 336 849 734 569
440 259 839 17 868 960 491 614 251 429 290 966 617 375 153 849 312 727 610 929 171 266 344 231 405
478 332 761 496 559 873 474 37 559 405 425 12 547 331 106 894 788 935 171 991 248 773 525 722 840
64 285 926 604 251 56 285 129 788 486 959 449 618 506 361 720 448 205 230 612 41 351 91 336 340
171 586 593 758 928 297 697 432 423 211 375 322 340 241 711 247 755 157 495 666 854 98 6 435 132
752 14 432 638 104 141 540 465 192 730 337 9 401 386 867 106 665 308 258 704 985 460 556 150 524
404 13 840 386 146 218 361 1 928 463 293 469 933 853 893 778 357 849 502 725 231 41 709 157 518
537 921 819 101 940 219 771 21 611 282 267 390 599 59 621 195 486 119 757 16 120 647 222 922 872
399 717 736 935 459 693 859 709 90 674 453 614 328 403 571 79 797 610 484 591 296 154 775 814 621
614 830 225 436 569 146 942 117 853 675 236 630 659 157 760 516 362 611 979 740 930 770 942 716 187
762 350 886 164 387 168 844 355 326 156 866 389 313 242 889 848 630 588 776 436 226 958 541 904 884
463 987 899 503 620 992 6 207 401 757 970 48 840 733 590 625 311 50 160 968 193 653 119 782 988
922 123 267 94 567 47 94 702 247 916 761 221 944 540 71 710 598 153 422 21 554 679 749 885 345
908 709 696 9 7 873 867 555 754 685 23 835 789 275 891 330 89 892 129 715 808 949 58 776 581
