25 25
369 358 43 9 661 14 683 876 413 719 981 226 48 70 187 953 99 845 291 568 15 54 58 668 277
45 600 978 659 467 635 995 738 69 300 749 662 278 388 188 743 551 562 437 289 992 936 546 572 923
598 36 353 509 257 349 722 134 948 614 463 495 106 731 48 146 160 185 264 795 318 864 835 39 386
591 463 833 448 361 883 638 494 968 727 255 771 36 581 811 597 407 657 927 901 709 540 703 420 344
764 577 75 432 363 797 563 811 767 308 504 715 611 572 798 195 816 324 781 35 968 535 752 542 671
908 797 290 656 441 528 47 986 611 87 312 900 192 487 2 941 826 481 182 214 684 608 909 599 311
96 239 426 53 378 990 958 734 990 514 843 758 835 881 785 935 311 244 768 370 335 636 479 757 671
571 638 262 528 441 307 139 841 201 600 256 791 604 630 36 660 581 271 35 728 137 265 823 682 892
954 833 178 81 916 826 331 839 299 484 560 359 446 96 461 386 573 970 116 73 793 923 707 856 539
187 974 647 472 288 68 768 114 926 397 606 923 395 843 251 525 239 357 664 702 375 288 760 758 875
629 51 509 642 357 974 693 768 181 782 833 157 370 287 831 922 485 512 329 914 395 539 507 456 788
903 61 611 114 215 318 651 800 811 654 86 279 621 212 50 928 932 513 847 185 561 431 455 995 536
342 999 589 134 528 493 490 566 353 52 621 382 100 491 788 6 680 364 578 360 921 561 759 577 532
567 414 207 35 614 478 650 450 644 972 849 720 19 290 271 586 842 83 110 436 928 943 555 639 976
297 996 632 85 161 864 531 550 221 362 463 902 631 56 640 948 439 250 527 974 438 940 587 994 65
462 378 276 438 277 155 298 326 713 690 971 998 105 533 158 130 265 428 375 311 386 114 247 20 957
437 634 979 243 669 491 915 407 195 621 393 495 916 679 20 731 547 702 680 14 481 483 288 202 552
972 563 159 803 148 24 356 796 283 905 460 615 268 586 844 731 281 568 352 884 441 920 755 527 532
666 467 722 364 477 460 284 524 487 222 547 344 514 459 894 817 338 564 515 799 382 708 643 754 234
759 377 942 292 343 966 249 528 865 770 184 97 290 433 939 110 165 59 433 322 961 483 591 977 439
648 206 847 696 221 895 711 625 209 56 602 224 170 761 349 499 509 407 423 52 590 365 234 293 654
310 56 300 925 444 682 385 432 492 7 592 305 647 834 716 51 160 450 0 615 286 273 517 997 904
243 399 366 689 553 272 46 882 729 997 904 78 508 825 174 645 592 667 55 312 150 649 320 61 280
355 297 783 751 290 488 967 233 484 639 77 752 962 386 62 592 8 446 424 677 503 924 549 362 963
924 786 75 344 228 25 821 366 855 747 31 16 867 789 407 271 391 631 788 187 691 707 102 38 892
