25 25
0 434 14 753 824 643 601 778 848 48 155 322 374 63 680 95 14 662 773 561 91 954 533 772 155
835 333 394 711 242 613 35 93 206 452 154 399 199 340 447 745 595 151 37 150 479 701 659 63 506
290 219 2 585 703 949 29 830 799 358 40 303 774 687 207 631 413 672 609 427 553 652 754 759 193
420 677 118 876 671 639 245 898 334 501 253 554 520 236 343 880 717 730 435 117 260 51 334 189 148
98 785 276 812 430 112 927 528 167 682 720 368 138 932 513 994 994 502 793 340 457 680 824 141 795
336 303 693 495 207 690 959 594 231 718 483 811 400 191 590 657 155 796 426 6 667 249 523 50 458
503 558 144 83 491 910 44 129 713 818 648 902 57 678 965 83 247 860 540 423 35 914 115 281 756
23 33 560 558 789 768 452 244 303 139 524 262 700 740 218 584 366 451 395 777 965 540 64 636 100
139 487 805 386 697 236 589 991 60 405 99 650 648 682 920 440 622 691 931 829 184 689 60 210 195
627 38 856 475 992 56 852 921 498 138 653 711 182 638 325 919 680 682 537 793 129 689 600 530 785
836 904 65 758 33 571 630 448 373 291 464 7 137 539 957 139 580 786 970 176 40 774 770 281 552
1 448 773 569 393 160 279 868 214 676 816 884 693 387 711 912 718 568 658 563 87 401 90 965 953
630 957 517 402 152 82 266 942 212 615 27 78 202 548 932 573 867 995 401 855 530 550 779 233 13
786 900 14 571 785 656 609 674 400 26 419 574 990 455 510 895 297 34 355 392 730 849 347 806 966
327 835 295 676 999 589 598 823 739 384 854 128 783 125 321 953 389 900 924 104 711 704 876 744 311
788 494 897 785 41 711 697 115 573 83 172 213 548 173 808 493 733 397 944 137 813 431 272 168 920
748 104 266 395 325 685 68 504 282 785 436 572 48 530 10 820 13 490 578 824 593 17 234 670 257
441 40 491 515 714 498 666 714 149 197 866 577 993 110 813 648 192 208 238 863 577 54 650 586 271
256 572 283 20 302 840 420 714 840 773 47 460 660 822 902 68 679 248 186 632 614 688 337 255 941
124 326 945 411 418 578 950 967 882 627 344 118 44 580 10 101 416 851 416 121 573 440 703 195 637
585 776 556 352 709 761 219 49 379 918 906 675 102 691 498 45 305 577 837 861 461 913 150 214 615
360 719 0 21 675 559 477 680 721 617 221 486 986 379 330 14 539 780 660 603 625 122 952 485 307
247 291 417 840 958 793 272 690 607 568 904 705 213 894 20 700 651 457 876 180 233 151 197 81 283
519 284 634 507 228 910 781 955 781 386 921 455 393 691 322 230 263 105 26 716 534 481 552 623 699
399 321 317 335 649 55 761 215 764 141 345 353 968 181 307 222 722 73 547 983 398 334 197 993 199
