25 25
206 575 635 138 899 325 972 578 484 643 15 823 337 616 383 162 123 732 419 476 220 285 893 982 847
840 927 832 85 841 430 238 416 749 87 139 576 866 148 716 184 633 565 760 608 437 477 362 907 481
582 79 623 959 632 477 988 654 92 604 870 578 121 12 560 283 699 609 671 839 742 26 547 498 723
672 287 297 91 206 587 303 803 80 578 555 505 210 177 959 958 193 796 955 556 842 533 621 783 308
728 325 653 119 938 384 12 524 539 363 698 858 737 244 696 592 231 670 739 729 764 376 571 437 171
308 446 116 504 763 134 493 247 966 379 463 827 141 335 174 622 394 674 546 203 667 893 87 278 466
401 65 531 255 315 353 17 55 770 251 867 693 115 834 201 484 570 392 790 102 741 114 79 215 142
502 118 816 339 54 520 452 44 431 521 640 332 400 325 327 474 551 867 860 858 705 923 210 410 351
582 897 861 56 622 38 98 433 47 181 721 93 56 718 859 739 957 336 650 42 50 240 546 889 706
235 965 178 362 176 883 606 249 45 809 809 686 353 67 90 53 866 279 247 384 359 292 489 18 803
866 405 802 117 832 499 794 533 461 532 553 269 86 695 218 210 998 471 509 904 779 747 996 265 149
764 788 691 853 368 704 148 676 617 899 345 796 298 988 463 835 165 882 678 75 391 553 404 627 537
976 732 947 647 773 239 425 36 760 625 287 987 962 40 205 926 484 856 589 502 921 463 263 207 616
697 993 834 7 512 471 544 202 530 234 244 112 724 242 699 247 205 836 259 967 130 120 117 769 325
790 725 524 886 326 833 861 204 509 324 977 924 482 149 508 713 646 920 256 876 116 627 365 874 966
504 788 127 708 13 159 84 547 575 537 605 609 241 794 588 837 984 720 620 278 110 179 522 904 142
425 410 617 371 701 636 61 683 547 308 323 747 741 857 209 409 270 363 307 407 617 367 779 843 61
665 632 573 519 739 912 398 652 319 239 859 590 613 687 959 106 979 233 223 547 221 708 812 562 477
12 971 604 811 863 299 984 154 61 309 659 785 645 243 924 43 466 232 616 14 435 622 691 467 726
276 587 153 63 526 653 419 849 968 785 505 306 572 660 584 617 869 59 322 699 946 675 672 599 743
182 522 957 291 968 444 19 516 948 548 66 653 468 691 135 943 761 8 257 249 68 349 413 674 646
142 561 423 9 611 850 729 146 838 445 825 934 882 141 506 420 527 13 435 484 319 55 500 38 719
243 776 849 528 902 22 119 208 395 659 61 905 100 940 233 426 591 295 975 764 386 50 836 589 828
956 444 993 857 825 862 138 900 132 789 889 803 714 589 851 490 667 697 200 638 596 752 908 87 914
718 176 221 466 484 952 274 618 338 697 237 255 798 207 128 977 760 463 349 477 497 618 976 324 288
