25 25
917 21 405 255 108 534 662 24 78 523 719 748 278 185 138 228 648 898 909 606 826 388 53 610 537
446 594 640 222 920 642 191 974 557 456 880 634 231 293 210 763 553 121 890 813 181 864 673 386 944
377 571 478 217 954 510 591 462 882 119 22 540 395 702 984 125 174 542 967 494 887 129 36 667 356
257 541 163 186 874 439 853 784 577 924 849 5 234 224 945 688 75 148 810 563 725 146 130 60 397
330 160 647 644 850 116 597 413 951 705 779 118 597 707 40 939 582 472 663 931 330 833 184 192 898
104 976 665 424 456 544 912 595 165 973 38 775 700 598 112 926 726 63 866 340 980 117 560 726 618
938 750 969 978 361 166 731 699 789 814 861 443 609 24 960 28 683 626 857 585 485 976 485 231 585
995 906 76 845 556 160 348 962 589 463 613 787 295 884 542 947 356 915 649 398 650 251 946 115 739
616 300 771 793 530 924 113 175 393 84 185 171 34 52 714 609 993 388 973 506 126 442 129 721 680
680 514 732 152 408 900 560 18 857 829 780 588 559 155 302 893 929 451 511 838 132 884 618 283 709
860 180 55 899 503 200 290 420 267 406 598 58 571 644 875 995 532 388 663 252 864 497 107 843 837
41 447 442 898 21 649 719 130 327 146 488 757 328 525 194 222 532 912 281 465 190 865 963 342 145
855 524 142 191 797 415 149 314 302 761 743 990 909 183 734 999 560 369 84 441 146 709 59 510 714
510 907 122 460 325 983 281 455 855 768 821 1 364 66 154 353 172 118 104 446 933 651 20 311 602
51 160 909 69 884 112 613 56 357 186 579 511 582 687 875 724 681 279 425 860 289 183 181 198 20
697 963 236 855 471 937 507 572 391 328 684 919 669 427 246 844 472 703 934 448 409 241 266 142 406
267 631 618 562 256 14 145 739 837 836 515 396 724 673 98 992 817 132 577 288 121 72 416 626 589
73 587 386 124 481 455 859 706 32 4 335 533 668 563 223 910 68 623 122 492 908 360 852 401 342
579 768 309 477 154 395 582 35 965 499 437 908 442 792 920 621 764 593 220 667 735 980 913 882 686
615 674 540 598 282 265 977 208 296 141 62 895 809 672 167 636 879 270 288 621 706 540 241 870 664
469 795 440 440 152 354 362 429 645 779 457 730 872 716 376 940 829 195 811 147 658 541 560 529 215
799 415 148 734 799 413 377 226 987 683 73 226 991 6 229 535 203 520 533 602 426 71 225 793 796
746 31 61 135 289 428 251 221 383 529 257 479 757 228 879 364 220 858 273 501 941 974 359 238 178
45 744 45 585 380 926 275 915 240 130 675 558 181 180 940 434 73 690 995 673 445 223 347 307 624
644 387 829 645 121 586 944 354 449 905 410 751 179 697 21 374 769 475 301 511 262 283 929 971 139
