25 25
632 297 67 496 969 935 120 860 72 568 377 249 19 704 823 594 73 593 550 64 382 772 293 237 406
885 864 557 362 102 285 57 569 188 567 81 825 483 994 615 484 474 818 737 725 852 94 584 281 310
52 614 353 952 63 867 395 875 107 414 262 261 906 605 265 797 849 628 384 180 316 348 924 871 282
736 296 257 114 91 409 346 30 355 914 421 116 671 727 329 772 441 525 624 149 179 733 142 448 550
369 482 45 594 828 426 681 483 468 389 477 632 153 196 853 885 940 846 368 0 95 175 997 926 918
499 203 504 145 930 564 416 460 143 654 841 791 115 824 896 581 380 802 898 842 409 749 608 974 549
851 870 353 57 910 412 878 937 976 376 247 697 583 505 444 147 258 256 723 151 249 790 506 153 642
971 693 231 345 963 668 630 987 55 543 184 769 995 420 655 861 55 765 888 56 16 319 758 540 34
632 5 6 637 472 376 943 198 392 36 736 955 408 778 161 116 685 792 362 696 391 536 102 187 822
521 725 667 25 276 11 998 914 946 869 623 992 484 140 224 91 301 989 386 516 448 218 971 864 932
608 522 363 597 358 386 433 184 536 899 676 500 616 128 876 150 715 225 251 271 883 524 508 89 755
588 489 77 383 371 430 941 586 959 383 346 255 979 940 158 912 567 40 498 517 173 252 629 825 968
502 406 438 247 888 401 217 714 756 263 154 347 300 275 724 509 337 805 601 72 10 968 766 487 402
400 618 851 653 422 937 712 39 647 2 777 779 489 280 115 706 634 133 441 143 951 173 991 320 407
404 716 680 945 81 160 890 225 807 877 414 794 964 953 793 328 547 249 706 167 585 557 512 572 560
38 814 862 731 913 98 604 527 796 700 197 814 705 287 877 643 890 687 228 444 920 419 991 218 503
523 849 17 733 941 288 28 853 818 943 14 921 569 623 929 389 137 684 471 388 96 955 232 319 29
255 446 577 806 175 506 736 873 952 535 500 645 162 823 713 332 310 787 644 624 285 618 215 543 442
212 573 54 540 926 754 506 405 421 387 909 917 821 81 627 367 498 101 182 344 416 72 287 106 499
513 133 798 424 279 304 655 71 28 302 350 106 64 176 979 483 947 263 149 877 258 947 752 327 276
247 784 249 573 284 470 689 865 821 880 27 812 105 11 287 322 251 124 531 396 977 484 203 5 565
327 268 894 291 46 803 608 840 91 625 557 757 223 124 62 221 137 597 989 431 274 149 118 733 757
367 341 378 3 161 409 188 992 186 92 170 686 876 488 74 13 151 965 334 183 803 34 485 854 24
310 649 809 178 592 903 210 203 449 503 375 353 724 426 895 240 721 302 179 540 976 637 24 104 232
194 199 681 664 414 644 650 324 858 524 933 475 728 85 285 481 441 336 329 683 388 891 523 976 297
