25 25
123 795 430 137 171 276 158 534 568 751 172 86 387 840 40 710 614 638 241 2 932 965 510 893 824
676 213 835 70 28 387 330 591 780 45 430 513 164 673 875 356 119 166 540 502 139 794 369 722 649
37 225 610 170 146 380 975 666 708 716 327 949 712 4 106 155 323 75 314 412 351 967 231 860 642
524 381 634 981 617 941 692 940 306 994 211 939 304 251 2 259 333 447 981 743 273 354 326 751 391
977 639 34 8 209 718 647 710 189 169 581 382 531 302 978 959 354 540 70 297 736 286 946 849 794
492 930 904 593 47 124 505 517 484 825 63 459 462 631 254 484 455 42 302 226 580 95 201 853 444
662 139 408 281 851 390 376 927 945 429 43 866 827 657 569 473 286 761 890 354 52 703 729 934 211
774 738 908 412 123 167 386 64 891 228 13 754 907 378 987 688 253 607 237 240 213 785 768 938 576
962 716 866 327 13 294 715 53 900 262 543 445 928 909 207 720 955 872 493 459 931 617 501 27 543
278 225 334 209 282 942 376 292 814 177 387 990 360 263 351 387 198 243 71 767 742 396 461 254 950
452 774 626 546 793 493 270 421 295 642 890 990 228 766 884 198 668 784 983 734 493 132 123 125 568
110 458 881 962 101 675 634 843 310 271 48 272 345 325 601 314 787 428 10 535 797 352 14 585 512
432 120 132 959 106 9 634 590 798 921 684 347 188 878 70 924 514 736 403 804 326 567 406 790 674
326 570 329 974 311 951 493 486 389 997 849 663 675 413 536 329 687 555 583 38 87 746 0 846 575
306 857 182 478 140 231 230 884 188 737 68 411 746 678 473 267 685 158 985 413 393 199 309 391 566
714 180 399 87 557 762 553 726 233 445 28 336 571 317 139 471 706 319 149 893 410 750 331 215 75
94 60 883 434 166 214 438 871 793 299 705 383 263 279 366 704 497 353 726 753 945 427 117 354 545
711 421 647 954 211 842 244 822 806 146 936 278 675 588 339 252 629 70 243 556 682 679 298 108 913
115 476 432 194 308 911 177 455 590 251 85 476 200 384 720 925 556 793 587 480 433 958 143 682 558
307 207 737 882 755 13 2 512 665 956 203 109 714 968 17 246 533 993 669 800 683 847 652 771 985
783 539 145 141 484 552 860 487 556 845 428 523 135 27 302 352 85 925 720 359 517 780 622 521 738
263 347 357 469 22 689 434 429 793 263 513 578 732 355 104 958 827 720 706 750 375 629 418 132 182
834 119 664 224 879 904 342 515 862 586 536 713 884 619 19 468 931 441 119 4 748 636 591 902 166
521 663 935 232 665 25 667 366 472 439 458 496 800 708 372 44 158 95 932 162 703 599 898 698 965
864 12 387 993 519 757 91 908 640 453 398 407 923 420 992 493 326 808 56 47 435 670 699 374 140
