25 25
393 892 279 859 874 98 522 296 973 645 269 68 836 647 359 877 719 631 234 357 323 206 958 380 157
162 771 215 270 779 560 341 860 971 152 277 395 709 218 4 424 478 765 995 528 827 901 974 490 266
309 318 187 77 95 200 168 537 30 649 521 806 195 521 129 223 397 316 774 732 313 355 72 253 214
71 608 731 191 529 378 329 841 10 74 500 469 83 379 880 807 103 356 474 658 491 509 367 755 760
593 409 66 941 505 397 463 963 84 74 15 424 42 264 264 86 782 121 995 830 911 984 181 125 442
760 247 937 577 477 480 950 731 841 695 41 238 316 383 612 647 640 807 697 914 301 295 292 226 686
540 239 884 163 890 533 590 838 727 350 976 542 37 999 379 819 953 125 560 457 165 588 416 310 438
868 255 525 684 785 543 213 74 711 241 842 334 4 728 997 444 529 434 31 900 868 119 395 491 265
67 795 981 543 665 787 561 619 106 694 567 289 380 684 988 503 599 8 458 653 907 885 638 426 972
158 683 799 733 944 44 580 991 552 109 302 144 670 446 573 908 280 811 854 20 780 114 638 942 705
299 324 674 943 303 654 286 151 654 429 543 218 178 393 706 519 450 122 129 185 684 974 337 943 475
433 88 264 379 740 238 203 234 771 614 151 563 139 225 635 685 793 571 798 754 176 269 739 838 821
899 15 242 179 167 451 234 911 295 159 719 713 702 451 581 791 661 910 701 898 804 384 539 584 983
110 724 560 158 512 895 319 945 50 899 284 638 519 991 875 623 848 848 927 182 582 496 409 351 723
498 42 402 592 485 479 532 961 455 328 67 471 579 696 467 995 324 345 936 138 58 375 408 352 792
711 384 648 895 640 86 773 808 85 928 136 927 611 883 815 859 161 86 411 471 819 991 624 910 890
515 409 559 930 692 830 585 611 460 112 231 310 25 549 850 41 323 175 826 970 302 528 312 360 492
342 89 279 440 770 852 747 292 261 37 679 202 182 943 125 678 789 130 571 296 902 708 577 872 238
835 97 405 901 976 761 960 4 245 400 360 360 840 663 457 12 719 935 192 161 411 142 792 463 321
626 818 851 696 938 629 136 412 96 589 726 760 986 994 757 496 915 498 7 818 683 45 161 373 185
157 862 694 954 13 819 810 169 980 248 811 704 912 638 653 532 602 547 154 657 857 662 273 718 692
610 50 830 984 175 368 66 745 765 636 989 167 453 214 788 9 353 886 129 228 937 82 787 499 466
173 831 603 379 429 302 182 186 558 485 366 612 215 632 498 487 230 496 497 53 535 128 435 150 614
243 265 142 985 906 363 519 508 650 732 112 472 370 285 516 496 876 965 780 102 148 623 542 267 102
446 690 562 575 791 230 427 197 860 837 87 675 520 681 688 844 787 725 620 471 59 819 132 369 674
