25 25
340 683 345 846 985 625 84 802 895 936 283 732 605 622 267 992 287 453 984 757 686 807 582 173 599
518 905 553 488 382 775 309 660 970 53 760 922 549 188 930 19 586 651 428 30 782 460 165 770 706
636 382 459 728 120 225 111 568 676 606 384 522 620 640 973 184 666 635 638 821 461 745 110 148 188
66 125 210 359 169 175 671 916 727 914 810 312 333 190 748 88 88 763 348 382 807 395 808 941 137
12 74 654 955 639 319 813 915 99 679 116 691 899 800 620 918 718 659 553 770 416 306 843 360 442
259 701 280 18 31 755 462 901 89 922 382 248 558 516 478 276 571 953 518 969 540 547 859 831 392
217 671 166 212 922 833 530 564 883 222 638 646 74 254 448 48 351 55 905 334 630 14 658 96 182
479 148 766 185 400 473 90 265 525 780 271 342 94 772 272 404 994 808 594 529 143 3 819 179 836
668 214 958 136 229 967 532 952 719 155 844 955 717 689 939 867 875 646 517 638 404 727 50 756 701
582 986 850 233 392 131 725 373 565 602 229 570 320 959 292 857 933 292 335 283 940 102 772 46 891
795 163 321 770 54 418 218 491 402 188 861 517 237 933 227 364 323 75 429 867 357 293 171 507 870
653 712 583 233 282 157 327 32 348 989 263 225 897 107 338 717 100 295 984 344 268 449 38 167 678
48 510 253 403 188 922 931 450 388 112 836 803 846 510 423 966 918 122 849 206 342 138 241 708 792
635 129 319 301 203 946 862 666 777 172 346 546 933 553 550 904 142 160 114 38 205 11 108 18 297
480 227 619 213 653 624 634 366 422 291 660 555 474 626 722 864 965 848 783 90 777 404 87 139 593
555 414 727 51 538 964 115 53 317 399 546 447 641 621 330 795 830 530 318 24 905 768 79 718 680
277 55 820 99 819 790 368 438 406 59 7 413 336 240 620 321 618 832 13 640 287 809 865 100 206
563 106 802 621 657 920 357 106 407 135 987 33 315 209 843 109 366 284 890 839 455 911 348 997 363
652 698 606 226 524 650 64 380 314 447 958 206 57 508 25 649 204 168 462 908 445 921 602 55 903
33 579 962 991 769 967 20 697 609 653 79 364 955 771 255 3 770 94 723 857 246 724 455 834 397
618 421 219 241 272 574 951 172 515 672 772 887 749 420 603 101 56 443 958 898 474 106 36 948 270
156 866 923 20 311 80 798 713 64 340 328 952 449 271 138 999 512 774 105 671 641 978 37 525 798
967 683 494 956 296 534 574 265 765 920 978 200 68 860 440 748 710 47 360 978 569 149 259 959 818
251 342 905 976 480 843 776 990 940 199 836 120 608 939 395 34 121 339 481 119 228 900 959 564 539
523 956 60 424 858 62 158 665 926 351 548 906 829 666 942 204 433 167 819 779 64 215 602 711 749
