25 25
84 61 713 948 788 316 839 808 227 854 695 587 475 919 915 285 902 692 906 532 272 883 666 652 705
668 143 252 695 749 346 739 259 796 446 995 690 579 578 534 673 635 412 157 609 491 385 935 658 643
429 223 277 552 547 304 1 225 804 738 703 223 473 833 297 780 231 267 560 671 542 455 678 408 218
314 550 696 98 319 831 380 961 732 906 554 870 933 250 455 189 934 486 86 13 363 251 187 620 872
171 647 395 894 358 938 55 304 898 489 305 113 3 378 690 551 889 630 74 575 486 682 361 208 404
341 944 547 943 731 106 693 426 307 186 898 824 368 157 948 166 463 259 222 304 24 505 233 999 123
968 89 468 772 898 828 74 471 682 248 761 220 562 810 910 594 917 87 999 258 526 836 611 960 416
46 268 373 748 128 705 319 523 844 483 212 433 575 345 490 70 128 925 633 970 758 608 69 135 70
409 962 20 450 773 450 301 184 187 966 279 545 280 13 187 955 415 761 988 616 916 124 128 175 482
745 928 43 991 158 863 828 887 921 934 257 907 299 159 371 298 390 268 615 959 826 150 350 245 642
907 936 565 777 169 274 257 57 510 396 969 106 219 252 924 543 947 790 486 876 626 408 885 791 252
447 867 598 550 695 429 632 607 305 283 198 274 91 566 598 182 829 685 80 745 185 864 221 749 92
312 407 381 196 190 714 171 711 506 118 962 127 802 498 329 241 41 294 192 62 670 882 870 816 205
898 835 626 195 800 649 207 991 27 955 128 460 503 454 486 212 399 978 541 128 694 598 705 684 304
510 361 757 638 43 251 837 417 888 770 378 260 974 711 33 742 53 30 336 811 732 817 840 130 969
496 540 132 625 64 51 243 154 285 557 42 832 459 670 120 618 166 557 498 678 419 803 766 873 157
753 867 174 565 123 675 891 920 662 811 769 933 180 433 608 640 423 58 239 273 592 835 723 860 724
662 249 676 217 898 810 226 501 21 787 739 314 864 231 332 688 928 789 356 415 621 149 836 233 849
760 445 384 635 516 699 460 783 127 108 326 786 211 903 543 849 159 459 606 293 465 440 328 173 899
689 966 979 405 783 144 90 711 546 139 149 83 442 619 801 840 749 289 650 365 601 410 25 347 883
687 921 684 202 493 15 370 234 285 433 554 804 629 172 664 666 800 838 476 559 299 251 232 140 212
541 778 230 555 928 674 825 747 824 366 332 978 337 100 912 998 693 775 656 327 657 855 370 438 7
231 440 94 413 335 154 549 903 980 542 671 898 32 230 604 576 85 426 268 172 498 549 830 5 146
707 878 56 648 179 788 72 229 360 48 794 181 339 299 247 65 6 172 732 903 234 92 898 113 214
33 677 374 965 762 758 267 682 185 749 754 46 854 499 781 401 668 428 123 186 604 611 539 889 559
