25 25
881 595 865 19 549 996 854 717 923 715 420 36 706 901 889 351 620 160 108 231 409 962 611 57 437
797 89 624 3 583 971 693 408 89 904 12 611 205 637 896 625 53 730 180 532 573 724 340 454 808
871 727 260 539 236 510 23 545 475 228 202 654 486 474 473 962 686 861 256 478 988 113 331 470 902
538 721 464 346 681 807 574 71 913 498 310 774 974 762 579 72 254 297 681 971 519 188 547 899 792
715 860 570 88 730 939 963 910 60 113 252 484 492 575 365 529 569 962 325 240 608 850 453 27 102
187 367 458 19 151 687 389 601 466 732 93 656 651 423 128 1 482 830 517 919 621 48 710 665 499
644 188 255 23 461 613 968 928 873 910 294 924 729 732 365 886 727 892 76 962 271 72 935 849 95
950 40 685 278 409 399 250 384 950 318 628 712 808 266 632 903 92 753 160 530 169 213 609 885 389
909 305 223 821 355 499 378 753 751 202 759 522 329 183 834 348 17 612 390 4 714 723 123 347 77
697 333 290 958 152 86 188 873 906 29 685 872 513 990 121 156 0 511 190 471 769 977 153 292 54
484 764 451 36 881 913 228 53 71 281 659 759 236 805 342 427 343 404 563 661 812 646 337 36 604
310 869 889 481 494 426 269 149 862 130 857 283 411 901 113 80 712 343 739 64 109 192 699 953 234
573 399 663 468 288 562 719 793 3 948 229 399 69 287 799 384 722 715 287 611 172 125 889 400 960
949 550 32 611 883 443 393 943 789 451 10 4 136 524 701 489 209 988 204 619 85 307 155 505 760
195 726 237 24 977 743 747 492 396 891 66 864 948 120 43 860 807 338 663 711 165 999 988 576 376
70 591 403 579 492 830 932 551 712 82 971 339 318 806 85 923 550 388 286 627 82 38 225 971 198
439 665 271 278 201 909 77 605 228 594 866 95 980 951 145 239 686 389 424 767 630 796 125 391 861
948 594 59 711 71 507 381 478 135 228 2 46 681 665 267 507 188 247 214 918 173 385 54 334 840
672 611 753 285 242 134 390 264 892 744 926 409 838 989 962 884 417 523 668 793 616 402 566 483 656
504 506 752 570 110 796 218 702 328 200 241 407 207 883 857 105 238 142 91 738 891 588 59 11 140
481 905 288 557 564 736 247 202 39 804 322 392 101 136 36 612 117 656 200 938 799 373 204 124 566
841 951 634 625 373 120 132 21 802 326 230 376 30 880 855 867 108 608 489 454 342 831 560 670 109
48 172 223 42 446 857 477 764 213 341 226 680 957 799 169 523 1 891 407 789 31 899 596 170 446
307 558 195 729 946 952 29 348 49 588 805 393 587 224 989 335 621 281 498 989 850 945 549 412 916
548 775 373 134 17 392 20 669 403 172 687 879 443 602 528 193 126 604 100 717 239 258 435 821 664
