25 25
705 231 830 899 15 444 422 803 712 602 744 868 938 773 507 74 59 792 886 219 730 194 981 931 954
926 64 581 492 913 937 994 59 332 532 561 787 322 748 879 475 186 893 489 600 413 388 398 403 76
598 495 166 382 888 647 755 904 33 334 302 504 194 621 156 456 917 322 506 523 922 270 454 323 239
414 867 747 506 739 67 414 504 484 895 746 87 542 22 191 989 666 204 900 496 168 7 639 542 79
184 311 518 488 119 17 389 617 109 843 205 685 200 27 516 521 862 901 265 381 216 301 51 558 692
295 901 91 250 826 294 912 907 923 637 997 409 787 25 953 347 567 886 852 42 260 403 10 731 501
834 27 870 39 290 802 75 629 472 861 112 946 545 981 885 293 197 247 936 840 287 212 295 331 361
622 291 719 32 408 216 558 989 195 735 722 76 96 54 236 432 18 643 248 203 382 235 836 117 13
838 866 196 696 266 212 765 184 678 804 931 120 186 165 447 919 334 123 560 78 349 116 875 611 808
21 354 629 161 898 964 69 675 512 903 24 57 443 482 549 916 989 348 133 786 799 958 717 676 183
631 967 52 520 445 524 669 480 743 935 382 267 922 529 738 10 299 882 393 733 503 953 732 566 518
330 361 672 42 984 905 758 578 319 465 627 774 917 677 258 836 214 350 381 807 300 514 112 672 807
537 623 769 484 374 953 104 484 488 306 216 221 499 839 979 54 44 869 981 65 402 264 16 700 765
42 283 76 884 742 253 44 256 731 744 964 95 573 13 943 481 307 453 992 57 733 969 88 559 293
182 428 313 795 33 411 169 915 479 381 29 937 301 686 869 42 39 748 31 890 570 502 111 909 259
113 960 919 223 19 97 550 537 788 696 633 265 15 712 988 975 390 912 662 110 27 834 604 891 341
293 943 960 3 749 670 591 658 808 790 348 628 417 773 195 294 889 247 420 165 86 77 155 63 284
962 730 787 101 16 792 600 687 610 688 199 67 90 413 807 650 301 619 175 279 286 283 878 857 418
582 204 282 713 392 690 880 775 882 779 115 107 619 417 991 743 227 30 939 160 700 316 602 285 969
232 149 472 263 913 941 492 962 166 10 386 761 461 609 912 547 273 507 174 565 765 28 574 189 486
771 754 386 535 290 69 241 918 571 304 227 516 754 815 847 907 478 121 892 994 934 494 170 932 683
977 597 633 40 254 30 787 52 571 222 398 309 920 980 682 861 716 765 695 43 967 878 103 565 180
543 945 415 300 336 903 136 62 866 409 198 233 890 505 303 601 168 711 804 510 372 592 378 521 699
956 996 139 876 9 633 826 113 34 73 557 704 553 898 421 323 176 901 65 3 636 389 197 696 747
362 898 994 151 76 472 474 411 349 72 609 106 498 827 362 197 254 619 868 507 923 705 403 195 910
