25 25
260 866 258 263 114 503 104 987 372 819 547 361 961 804 771 274 248 810 889 192 12 33 30 36 853
339 595 856 544 927 857 473 311 976 187 853 90 497 571 918 722 535 105 834 541 685 985 300 61 890
335 79 795 663 348 419 567 2 361 192 106 242 234 233 136 250 818 649 476 731 501 719 877 474 876
120 237 467 359 730 956 185 905 635 551 833 859 361 880 727 955 867 399 148 580 556 53 352 477 218
731 201 101 376 460 102 925 401 610 63 659 338 798 404 714 10 923 304 464 581 227 243 200 363 510
486 524 115 211 985 464 776 55 7 435 865 346 384 683 67 731 624 93 145 972 292 939 202 72 856
712 516 923 779 225 359 489 776 47 990 674 438 78 284 663 713 470 478 642 755 930 299 604 28 562
613 57 175 846 380 387 930 6 15 949 422 501 330 945 0 610 840 192 800 746 132 540 93 154 986
311 75 619 437 699 48 536 576 28 866 959 54 646 272 257 384 759 846 697 941 795 1 936 928 571
153 413 904 379 565 162 794 123 841 56 72 440 861 318 557 758 315 124 407 721 113 55 6 497 957
350 219 607 370 900 454 227 35 531 355 978 924 284 14 379 858 10 486 462 54 578 780 429 440 220
713 580 413 498 435 47 144 204 18 794 147 810 570 627 562 372 579 171 136 727 373 996 212 217 57
405 629 253 589 200 400 350 430 301 887 147 147 900 237 832 834 329 741 968 275 478 416 654 763 475
313 105 1 261 820 431 4 544 329 389 474 241 825 174 837 589 598 609 288 22 268 449 160 740 294
732 749 291 508 439 38 946 786 772 527 711 155 438 247 456 399 924 744 876 472 291 445 314 991 848
330 982 638 659 178 853 111 921 650 487 108 766 489 597 742 675 977 447 187 341 498 65 130 828 866
686 910 291 237 878 274 36 747 882 301 364 200 334 691 36 775 619 631 818 660 973 512 31 152 197
519 768 942 530 229 142 885 590 659 684 700 973 437 247 977 245 824 951 796 213 349 754 391 154 157
226 831 775 539 597 936 410 714 915 632 502 367 976 695 973 380 602 971 705 711 242 669 191 343 128
245 498 915 74 223 940 958 740 947 266 266 169 357 359 446 352 487 803 687 177 387 230 816 494 534
97 950 528 609 472 40 712 512 809 857 898 792 109 699 454 531 464 0 958 483 628 827 269 652 580
885 266 92 472 197 115 639 236 312 372 12 852 316 856 422 190 105 265 80 546 65 908 172 796 699
38 20 573 135 533 285 284 254 92 731 339 862 146 845 108 955 794 296 857 971 621 221 370 967 654
864 132 287 600 33 459 109 235 260 97 217 375 826 442 741 543 288 976 119 0 26 117 713 114 68
662 269 407 939 343 171 471 106 215 862 880 343 728 718 983 381 525 549 275 658 992 360 737 704 334
