25 25
158 987 450 364 577 857 782 739 936 665 857 553 961 754 495 432 662 246 401 758 91 921 804 68 577
62 825 519 238 481 458 395 150 893 217 317 764 69 677 409 929 500 58 771 696 57 399 501 770 64
762 454 424 919 573 505 467 291 394 338 17 524 54 953 103 148 207 429 980 442 548 912 167 686 610
31 107 951 192 301 481 463 706 963 565 835 187 503 258 453 354 314 390 875 424 260 714 244 150 981
20 496 946 26 100 756 462 50 169 556 607 259 398 669 113 281 877 521 235 487 409 198 268 268 549
316 228 721 15 453 526 51 402 334 849 184 777 788 946 950 6 10 87 397 724 845 375 692 144 950
38 678 244 428 191 523 806 901 716 366 963 923 950 727 825 209 677 310 229 922 105 47 162 526 480
911 25 26 246 791 844 998 963 60 314 175 303 793 134 133 583 873 610 401 403 184 858 450 66 751
480 472 658 215 953 339 709 49 501 783 432 298 518 279 848 411 531 624 285 567 137 925 521 401 658
468 124 930 572 434 989 756 444 630 216 902 973 290 342 917 449 40 886 725 634 270 498 471 677 167
560 383 324 338 777 583 385 260 844 470 435 21 23 434 631 430 301 299 889 827 265 836 607 362 716
907 479 484 885 895 656 313 198 707 331 989 411 153 793 193 683 550 167 913 277 0 309 65 54 633
214 347 962 192 242 289 304 752 859 532 872 179 307 81 295 29 827 114 609 963 42 474 583 997 526
192 906 643 172 449 699 840 832 564 493 360 315 152 22 696 765 493 929 372 68 640 762 768 742 395
398 8 501 750 857 694 368 811 522 675 947 145 475 111 735 539 628 418 374 10 84 341 817 406 421
792 920 181 104 408 776 951 940 51 96 917 402 547 658 428 710 585 707 348 868 63 422 787 216 97
600 174 933 925 832 262 235 822 292 322 694 372 306 584 644 757 819 505 577 591 775 611 327 702 690
924 565 539 912 87 736 700 36 198 585 765 72 499 431 828 825 349 265 537 596 841 223 358 848 892
920 401 473 377 855 530 842 109 95 339 771 128 579 675 246 135 164 335 503 56 813 747 403 172 724
80 480 738 955 949 102 925 105 908 734 277 77 256 79 24 778 280 948 92 366 139 440 138 155 114
161 444 422 220 370 521 400 208 554 703 750 299 452 121 68 474 516 426 506 442 763 826 64 506 733
486 155 924 290 55 874 147 864 646 446 689 902 375 177 581 130 562 158 232 30 394 958 332 323 65
982 389 175 182 927 285 597 268 805 308 684 918 343 878 518 364 861 890 135 217 477 740 231 340 365
747 466 9 931 536 594 854 23 457 353 708 490 658 621 427 488 466 21 161 711 161 880 842 218 867
174 163 588 171 701 399 523 533 512 738 187 914 755 765 171 313 100 572 89 45 905 429 188 428 102
