25 25
813 510 374 950 394 881 807 365 982 255 588 59 975 277 199 836 17 804 756 417 376 251 124 682 958
975 604 827 110 778 863 944 110 603 120 215 254 830 499 305 387 198 521 32 957 523 929 734 676 330
322 771 925 477 322 672 49 8 489 855 509 672 271 115 698 416 818 61 768 803 178 295 359 531 635
918 767 231 323 113 44 879 408 186 425 776 835 400 438 176 986 48 777 747 487 145 31 271 678 573
522 918 775 329 966 81 117 277 773 955 524 311 642 83 967 312 334 367 658 732 88 364 368 830 845
245 200 658 957 31 154 881 187 370 120 350 828 170 519 397 837 797 882 986 701 6 261 460 279 83
369 371 529 76 860 387 583 497 581 475 753 617 100 916 630 859 805 977 789 973 956 260 57 614 152
811 865 770 515 31 651 971 353 985 35 11 887 765 647 764 856 426 389 899 609 364 663 878 5 598
181 461 825 706 2 983 224 496 870 124 418 963 565 7 747 185 351 630 265 503 912 682 59 545 959
490 357 49 693 296 409 356 882 114 179 69 637 872 962 878 538 834 859 356 456 683 628 330 421 571
930 834 888 831 805 403 515 558 101 434 816 896 808 656 740 76 225 407 71 244 895 598 638 957 50
914 705 363 986 940 339 624 14 241 98 742 985 61 328 844 384 551 374 443 924 780 464 152 705 981
302 273 21 291 48 876 849 619 240 507 344 701 434 375 521 821 331 163 847 151 681 449 430 304 709
941 259 78 89 549 549 999 483 324 618 418 483 412 939 847 899 10 628 83 620 669 268 218 420 449
478 487 120 394 946 381 903 247 425 398 803 887 943 615 797 861 361 325 482 403 847 366 551 365 619
454 381 141 137 656 584 85 174 906 4 604 551 338 515 324 56 709 774 937 744 274 944 430 605 987
175 94 755 649 552 587 769 347 534 793 591 825 321 482 289 684 764 311 66 201 192 699 82 601 601
499 226 410 274 925 420 52 535 318 291 79 20 115 728 875 745 131 778 514 914 347 701 460 493 429
66 248 548 614 549 354 605 41 962 816 249 310 187 493 785 937 953 390 151 910 864 227 19 122 317
415 578 874 686 514 862 178 529 484 300 314 184 622 23 165 505 273 318 453 472 954 428 121 302 413
734 726 219 816 16 849 851 804 379 882 790 355 307 60 665 389 747 250 585 919 255 255 958 756 3
7 28 967 78 96 392 866 890 596 241 400 312 761 534 344 888 166 12 250 323 62 26 878 596 287
763 991 541 429 577 40 110 777 106 562 184 453 794 110 885 900 798 225 962 668 325 253 795 911 542
601 761 211 747 494 79 438 91 141 776 757 373 254 305 541 227 462 924 882 350 147 35 80 848 177
30 222 669 285 780 13 409 853 864 377 689 231 405 830 873 333 675 848 116 399 869 388 449 873 308
