25 25
157 97 588 380 579 648 21 246 151 627 289 686 264 600 856 960 647 583 465 263 973 412 345 310 244
527 821 605 456 861 334 698 21 576 149 59 518 345 540 701 611 997 205 103 930 701 442 365 751 428
128 310 613 435 279 193 144 153 315 405 654 658 433 61 44 341 443 125 945 340 631 686 225 505 739
25 999 376 345 440 11 855 143 798 261 76 960 208 993 871 406 774 110 37 127 161 392 427 960 832
661 744 208 293 432 901 377 436 549 56 991 190 394 856 606 953 909 308 905 429 896 395 973 280 191
130 379 711 500 806 106 411 456 141 549 67 247 772 311 876 28 694 865 149 278 916 875 227 508 525
543 708 683 353 820 247 855 82 951 215 209 304 35 386 825 265 960 228 785 211 913 868 667 215 759
842 940 375 25 110 750 67 364 920 154 120 104 755 912 797 77 925 533 679 308 800 985 706 364 449
111 6 543 218 720 852 694 661 513 83 424 138 169 489 284 323 480 932 447 12 371 402 986 349 636
529 54 900 553 709 478 319 374 609 994 115 189 847 841 286 246 194 691 818 244 718 21 235 917 70
580 927 954 918 443 955 599 625 387 196 707 454 630 229 939 512 312 449 475 103 139 696 801 867 397
989 231 511 633 476 510 114 596 123 771 850 730 255 712 529 433 285 28 617 743 205 945 760 508 655
524 680 316 321 950 808 648 135 748 41 792 372 246 572 596 528 378 653 926 275 851 300 96 296 245
104 105 169 283 887 200 754 660 757 785 348 990 560 924 500 817 588 281 262 690 96 616 406 49 715
533 281 63 559 52 162 530 439 458 162 43 431 953 14 53 209 888 888 75 269 952 798 388 265 415
448 967 283 771 398 581 452 177 617 83 342 301 416 470 693 425 324 257 598 621 566 836 129 71 536
402 526 163 56 59 150 778 110 175 545 3 230 92 977 189 35 741 296 349 944 136 996 204 133 945
661 292 66 335 984 262 718 292 390 511 816 765 27 215 726 640 946 643 593 386 272 938 25 946 536
665 779 337 393 712 292 655 819 500 599 876 543 796 357 970 616 814 628 805 617 634 270 175 768 68
538 456 387 262 675 832 822 520 410 333 627 829 42 908 813 273 447 950 605 457 398 207 626 879 824
523 260 613 347 107 152 21 320 614 284 490 115 739 744 27 672 749 239 365 437 129 983 615 227 418
422 111 41 703 36 380 502 213 766 465 843 883 961 855 95 426 683 553 505 554 1 822 775 20 890
471 597 742 129 985 730 288 998 186 663 441 4 245 607 79 547 710 974 479 170 424 600 668 504 112
922 177 864 254 647 234 511 474 902 898 442 523 88 812 391 4 528 130 309 374 543 637 440 501 699
351 842 795 754 440 902 977 215 187 737 693 82 440 30 52 174 917 885 85 229 361 876 293 337 925
