25 25
708 159 319 316 558 932 919 723 606 558 599 578 182 248 6 487 747 44 657 113 191 963 4 836 691
103 60 217 967 46 18 231 113 523 72 581 426 280 340 355 733 558 994 662 198 423 123 84 183 980
1 720 758 800 290 710 404 24 341 834 713 767 286 499 718 745 17 6 17 309 732 527 735 622 733
311 328 951 53 470 96 552 562 76 305 611 111 223 263 188 265 672 645 142 186 495 695 710 459 309
273 149 105 147 936 809 668 665 303 691 215 852 936 67 911 506 444 478 403 785 629 236 544 258 796
823 888 546 534 805 10 465 620 660 250 441 998 728 377 250 232 165 622 337 361 363 279 701 361 157
670 966 810 691 629 435 504 887 967 722 123 446 720 922 993 504 336 160 658 91 187 647 932 216 176
524 808 29 500 383 287 219 892 550 820 644 9 160 745 715 678 418 988 65 354 700 399 108 748 338
165 984 368 212 386 70 549 133 301 41 168 151 149 218 430 457 749 695 466 271 596 203 318 443 564
533 495 40 315 956 415 462 133 522 35 354 205 453 636 489 753 28 718 446 973 121 555 514 599 691
278 854 533 970 871 98 229 895 382 995 2 555 323 900 461 323 352 816 876 12 107 213 760 177 90
604 526 719 98 698 292 563 282 9 169 176 599 263 10 575 702 108 192 90 0 72 866 810 623 826
976 191 352 732 634 623 811 403 380 154 220 326 415 538 356 622 154 461 777 516 125 103 144 168 130
35 275 897 940 147 391 153 120 967 81 655 945 52 802 301 203 379 968 525 308 385 963 554 208 521
924 433 682 857 564 348 727 766 581 317 329 318 847 730 39 830 52 73 361 574 605 999 504 104 919
586 511 584 719 312 809 549 930 780 518 705 164 187 948 987 470 14 635 257 283 854 883 892 410 112
570 566 457 648 405 731 851 285 340 451 792 152 597 493 156 134 403 382 626 187 685 467 618 179 431
771 239 474 675 723 858 334 427 410 792 459 551 164 701 385 230 8 849 881 470 650 63 846 836 37
578 733 872 486 449 102 894 758 181 332 758 336 593 88 495 720 882 468 612 593 769 274 77 722 637
573 624 341 456 107 443 694 377 421 688 902 646 811 212 1 960 872 420 712 220 314 459 682 159 712
820 291 668 120 817 595 791 376 94 603 797 457 459 391 141 622 247 937 619 181 403 591 885 708 548
430 15 499 726 238 80 833 270 995 154 319 990 150 224 102 446 556 350 553 397 164 171 530 261 420
815 548 605 466 774 358 711 814 540 264 735 945 411 81 970 638 755 322 301 643 244 625 988 508 967
393 843 150 153 183 166 381 675 87 689 66 853 968 950 301 639 646 384 619 817 864 509 922 563 185
361 56 999 342 361 892 794 597 54 731 427 733 131 266 710 390 739 330 105 139 355 91 929 834 844
