25 25
656 147 21 4 6 793 383 617 97 197 36 960 468 54 494 527 838 267 16 864 432 840 575 806 445
299 891 720 655 145 89 968 55 561 968 397 860 563 335 852 306 506 333 666 125 209 609 805 69 924
614 389 487 790 951 326 137 69 530 605 192 916 684 366 556 600 290 698 285 14 630 728 167 444 109
651 256 835 791 783 551 426 715 369 249 440 852 36 746 621 410 306 3 811 759 555 607 18 764 805
717 574 80 790 440 611 733 989 86 692 640 852 466 915 252 326 611 899 648 897 610 938 547 216 110
421 295 161 647 746 577 921 388 227 722 213 335 988 832 927 764 179 551 161 866 413 853 389 781 535
185 107 310 961 285 434 905 358 619 282 790 634 130 951 613 369 421 136 454 472 175 516 76 938 985
621 194 212 692 101 82 524 337 521 884 420 792 406 356 347 759 714 89 927 755 107 401 251 955 370
773 890 811 741 597 65 850 219 694 15 474 427 68 934 218 291 292 106 523 114 845 70 906 860 989
218 850 807 653 275 585 818 397 18 146 19 163 880 132 985 473 916 235 56 735 762 190 990 314 981
838 927 76 836 188 557 65 287 737 963 542 667 412 883 559 864 283 728 329 332 133 659 327 530 293
459 38 315 249 445 505 813 934 599 924 292 964 363 59 248 18 639 181 734 722 717 555 646 660 435
87 393 944 799 37 331 154 226 598 23 791 829 311 297 123 482 584 703 952 456 284 420 989 728 862
859 595 846 6 992 891 692 329 219 346 411 297 591 575 146 118 729 325 357 503 968 190 374 941 687
932 703 754 726 80 790 975 34 695 890 909 112 41 32 162 823 48 112 736 56 105 66 503 904 755
944 369 518 33 612 942 404 16 189 95 648 814 683 557 714 429 467 937 722 176 184 954 271 652 400
293 284 917 864 547 558 75 375 18 647 668 442 993 66 700 916 586 400 482 521 644 725 756 475 317
629 76 164 823 799 543 588 270 659 600 715 415 671 241 772 353 672 164 10 753 435 59 79 571 740
437 463 602 924 848 953 514 367 96 189 214 298 261 468 741 349 814 87 284 560 736 639 37 415 857
431 168 15 813 916 499 283 685 586 419 989 171 287 295 522 472 2 916 506 442 417 990 513 375 698
605 469 604 661 203 483 280 163 978 550 724 161 869 535 764 516 453 788 214 887 422 236 577 276 682
397 588 632 20 753 744 513 596 958 658 641 230 689 3 116 695 346 517 757 333 976 266 493 539 764
703 974 775 849 369 55 229 705 173 390 541 206 899 785 434 322 808 389 443 260 216 568 910 907 808
993 610 166 255 529 744 687 75 317 203 787 5 842 143 37 98 507 477 52 396 615 2 174 76 146
630 611 890 389 516 996 855 259 899 667 683 5 835 610 481 429 836 555 109 144 709 839 387 992 427
