25 25
537 485 917 787 693 608 193 23 771 943 959 686 691 52 294 835 352 571 540 985 145 819 740 267 724
808 796 180 31 361 134 193 422 387 519 13 524 609 825 465 56 591 40 587 666 214 294 312 792 351
1 715 831 289 14 716 50 396 223 183 780 732 506 964 339 607 614 733 57 974 601 237 308 64 37
275 992 669 252 394 951 515 97 411 820 864 333 976 412 87 470 668 684 712 711 242 275 483 20 661
104 163 759 344 453 686 425 816 52 159 568 823 574 606 150 247 324 673 154 432 718 700 821 276 882
162 279 754 93 344 772 859 551 443 270 616 711 79 4 80 140 167 825 245 96 559 605 559 250 835
77 127 141 534 437 575 5 727 80 477 269 653 810 897 925 185 566 612 145 575 539 151 204 851 975
627 124 899 600 591 844 47 69 123 566 262 493 262 225 341 258 797 203 718 326 605 713 622 465 227
146 631 804 64 922 566 576 177 88 27 788 937 821 38 824 894 257 322 691 807 309 717 664 959 544
206 452 520 171 676 398 173 271 712 802 940 522 887 958 265 205 342 55 472 374 619 260 592 101 380
566 111 52 100 847 695 710 942 864 469 566 679 778 622 333 420 883 109 406 575 416 414 600 330 611
340 832 628 36 563 840 917 105 256 892 434 525 756 246 180 3 911 884 373 779 911 372 75 584 957
368 328 229 869 126 258 228 473 652 759 508 229 687 798 381 348 371 884 451 757 688 780 42 962 543
81 800 342 647 842 429 910 189 978 193 534 934 152 19 285 722 119 674 727 638 414 94 11 283 258
292 757 465 417 648 708 744 29 966 370 709 675 472 487 440 373 964 719 271 798 564 584 172 711 941
164 985 940 147 442 704 217 343 845 244 422 543 653 66 190 184 371 458 176 971 950 690 915 630 639
107 852 38 724 252 679 987 534 41 435 261 538 382 638 33 33 771 911 370 636 457 815 343 836 384
424 159 323 140 49 803 52 448 24 616 624 548 585 28 170 741 467 613 295 562 831 961 518 794 971
754 525 782 600 150 515 847 377 339 343 823 258 252 763 170 129 984 991 832 11 212 990 659 705 900
751 550 15 441 396 644 326 48 153 359 543 928 823 624 309 452 635 620 393 66 6 726 70 708 283
288 28 391 508 980 982 906 186 905 405 263 630 15 206 899 844 281 911 732 673 921 15 762 721 712
357 361 288 872 603 156 910 930 691 155 560 533 311 424 996 765 753 343 451 215 206 906 523 756 502
638 212 922 445 74 743 458 685 447 829 392 73 492 274 966 999 766 679 412 638 731 361 32 346 99
444 81 625 90 384 250 669 108 734 761 433 68 403 875 816 707 265 542 853 56 298 37 939 177 995
507 499 82 90 614 891 695 460 997 4 763 424 587 865 994 218 667 712 906 836 10 407 316 531 610
