25 25
677 200 430 203 582 228 804 932 51 364 10 300 111 96 754 758 582 568 20 660 479 185 303 528 664
699 224 452 97 880 452 448 954 556 427 207 651 813 868 302 560 556 524 980 252 787 625 484 126 169
473 642 652 459 665 324 763 299 42 982 20 489 260 838 199 976 619 44 377 134 988 195 841 564 775
709 2 538 686 590 249 171 355 470 879 32 682 940 272 263 154 685 746 964 513 391 97 744 550 792
952 395 427 256 35 853 472 238 764 677 680 337 353 635 756 422 189 334 959 759 566 424 492 349 467
612 989 61 868 974 876 421 948 580 507 785 836 867 429 349 144 761 614 221 448 987 281 157 132 132
792 70 49 833 686 353 818 781 219 249 573 366 599 468 524 119 128 569 282 913 430 551 24 304 884
855 640 783 649 711 738 458 232 895 43 746 396 234 893 813 700 125 82 643 291 157 629 608 568 261
55 167 615 715 656 8 386 793 600 201 883 646 861 38 318 504 913 583 899 719 689 99 432 996 789
806 428 895 236 372 780 782 743 100 545 241 432 974 97 776 828 886 325 771 906 820 121 586 595 854
614 107 127 995 33 137 119 456 510 742 88 243 637 946 87 623 85 846 1 779 590 44 49 165 293
197 592 758 445 515 636 995 599 443 497 235 616 374 413 699 692 753 404 179 734 517 43 2 187 362
190 955 575 236 437 985 304 141 849 601 558 367 595 704 738 534 164 4 952 824 557 296 565 856 784
164 465 794 753 409 160 63 842 102 339 585 347 756 211 857 97 585 293 305 397 282 554 921 341 500
63 275 624 259 263 938 816 471 214 440 344 13 862 349 559 422 479 972 345 45 551 448 39 855 979
689 487 425 456 137 890 915 994 221 127 667 826 385 170 296 863 953 603 587 243 797 626 176 945 396
996 164 892 382 546 199 955 854 190 969 616 257 145 629 593 514 985 838 382 508 62 749 640 290 539
53 425 46 683 631 771 718 605 102 225 204 833 142 113 346 125 440 165 123 693 515 953 299 875 391
216 957 387 518 28 662 420 307 584 633 496 925 573 940 398 299 378 323 311 877 830 448 261 651 974
986 481 708 8 575 295 899 394 877 36 261 754 818 646 590 943 635 906 265 271 844 390 527 642 712
841 760 636 700 668 630 140 915 701 899 764 62 808 471 353 794 341 351 590 264 27 97 465 477 546
803 537 321 898 814 975 791 895 395 494 775 841 341 508 674 644 577 175 911 238 535 921 965 988 687
172 869 717 121 621 469 570 189 376 744 827 988 914 959 535 126 524 781 958 522 831 187 810 101 46
287 269 326 445 185 378 411 115 870 97 463 86 843 140 544 759 742 960 99 434 982 990 98 525 261
13 987 371 691 246 904 690 804 395 516 591 531 512 634 974 741 920 207 201 217 689 455 210 282 864
