25 25
125 924 762 219 834 235 759 655 25 671 770 971 69 80 685 602 65 818 540 207 882 970 7 801 492
700 900 214 388 863 584 155 420 872 443 218 277 756 155 126 477 200 93 849 380 682 345 406 361 372
553 557 472 318 724 990 442 464 876 250 711 879 242 426 240 509 477 546 458 921 64 0 358 583 320
356 149 391 802 668 348 225 261 626 238 268 658 730 948 970 189 516 904 310 898 261 680 228 918 400
863 82 925 930 697 233 313 276 445 790 451 867 308 627 896 914 8 601 662 912 397 719 530 407 576
122 772 207 843 89 341 796 215 788 27 15 537 235 652 956 703 242 134 256 106 612 399 124 947 710
181 948 986 283 621 103 323 967 30 499 576 114 444 406 123 389 56 847 385 710 827 928 48 438 613
269 558 780 58 759 194 376 371 513 228 988 338 641 948 413 583 930 820 953 782 860 81 854 572 739
781 585 324 480 243 849 769 865 61 562 328 153 873 934 606 563 202 85 468 633 751 606 271 210 992
170 645 818 973 992 536 683 67 5 524 196 921 289 204 662 432 320 752 584 940 370 387 8 988 619
193 912 537 538 21 554 712 562 991 753 461 372 554 843 892 878 910 678 353 337 592 981 451 51 145
915 521 80 657 449 685 264 813 690 878 614 877 637 403 45 976 538 810 883 0 263 631 84 412 198
460 836 530 626 559 646 647 43 233 133 63 487 942 953 302 114 544 81 194 785 487 633 265 732 704
867 378 869 73 114 76 759 481 638 178 212 400 752 388 381 177 609 633 755 728 398 943 153 488 59
780 274 403 206 912 221 101 980 215 619 324 857 322 329 32 370 796 720 183 539 682 399 686 903 535
577 589 516 641 835 884 835 205 258 917 63 106 488 903 160 583 629 281 860 272 280 614 901 568 802
444 592 187 646 351 753 229 447 18 412 746 526 372 651 675 200 247 137 559 908 567 472 388 332 818
38 522 722 232 66 314 847 146 259 504 786 523 642 458 234 859 460 204 798 514 211 365 416 565 858
645 276 245 15 445 291 351 264 423 740 751 533 357 617 890 558 865 131 671 614 557 837 411 909 73
853 830 705 77 265 47 740 589 520 407 537 829 724 332 584 728 361 549 30 238 124 300 100 129 879
231 248 32 790 140 571 901 525 436 616 268 138 659 566 832 390 447 585 351 145 57 942 120 467 24
843 188 377 652 925 774 474 495 646 409 703 621 975 655 296 824 834 510 452 47 704 602 414 518 581
963 78 515 867 140 381 211 153 274 170 924 154 604 795 405 224 458 879 887 992 616 98 171 701 798
124 789 865 204 770 712 26 41 653 985 171 751 278 204 382 179 786 369 802 794 212 282 737 296 778
293 277 898 858 532 218 693 686 81 321 809 32 803 543 698 863 706 945 177 439 627 216 251 282 732
