25 25
423 868 86 869 187 234 950 847 385 430 827 819 88 854 601 614 719 392 46 81 399 209 630 425 511
485 599 497 392 500 273 779 670 830 963 288 871 891 369 991 383 600 836 319 765 605 850 549 422 673
424 31 857 819 853 479 872 954 388 343 39 219 714 795 246 827 181 79 342 801 208 554 785 702 852
618 699 453 365 453 930 980 598 332 955 873 185 782 750 899 883 806 702 881 814 563 332 664 808 237
287 703 663 225 328 844 866 968 645 622 239 905 689 495 219 959 970 112 624 42 179 725 479 999 356
300 188 673 569 4 769 556 967 998 482 820 554 723 31 559 865 685 814 173 663 52 684 344 557 238
259 910 481 280 479 874 123 954 65 196 416 86 650 20 647 510 965 455 903 207 220 723 975 630 762
841 49 643 483 807 696 577 642 676 670 527 104 920 175 957 878 760 275 586 766 694 184 904 346 357
559 401 325 333 110 488 97 494 777 620 188 716 223 355 444 589 600 263 800 649 559 555 325 968 543
385 306 980 577 523 347 266 118 358 906 802 419 198 115 305 541 361 819 402 301 510 949 625 980 491
231 323 432 409 956 306 247 147 710 417 460 293 800 62 790 838 616 240 327 126 957 746 42 799 953
349 467 585 842 863 342 905 332 105 324 585 230 428 621 650 3 918 820 724 93 364 721 451 413 590
852 5 372 88 570 266 171 302 799 900 756 925 69 173 942 93 876 326 367 522 99 368 142 311 647
198 194 273 925 705 31 899 309 520 632 771 911 860 508 584 815 879 160 342 195 20 411 772 345 327
95 303 21 357 816 345 329 21 342 428 262 492 282 688 232 334 62 714 331 144 121 59 784 758 24
616 891 797 991 432 223 638 675 83 488 845 333 216 413 778 251 26 589 785 306 371 702 414 391 731
926 875 90 687 314 887 145 928 991 606 692 792 149 131 326 676 420 847 769 626 636 163 795 845 606
818 467 277 266 700 313 91 725 173 811 4 96 382 333 907 807 390 424 7 89 568 865 922 676 231
605 111 953 64 408 755 425 500 67 936 829 274 877 826 2 531 59 800 441 161 944 552 796 890 598
566 132 882 916 250 66 370 113 258 572 47 806 64 349 780 550 803 354 881 499 679 870 887 206 251
784 616 89 274 440 41 721 104 698 948 862 733 743 821 666 505 914 266 959 415 741 568 651 188 411
717 871 245 954 387 258 541 418 336 117 136 129 924 641 512 17 565 81 914 986 653 404 974 943 370
846 210 590 427 658 829 50 221 817 708 599 141 780 884 957 447 366 34 491 220 450 845 454 59 178
993 200 641 718 706 366 511 29 152 230 574 709 963 119 694 776 683 554 775 915 452 211 702 708 896
677 599 733 943 9 437 645 342 582 333 81 844 620 491 123 153 788 803 723 401 887 188 689 722 976
