25 25
490 412 700 448 366 460 722 983 357 751 763 454 949 533 394 541 727 120 232 639 341 573 732 692 577
508 994 135 848 856 922 347 680 799 924 606 596 211 61 655 217 192 101 938 916 265 362 456 543 169
729 828 482 667 499 54 998 287 128 324 99 750 935 958 120 819 129 730 151 884 403 632 203 785 795
714 355 431 476 141 570 826 872 950 176 787 467 996 275 573 97 941 301 873 97 831 650 59 735 348
499 77 266 70 694 624 190 69 2 283 250 64 518 134 178 410 817 941 981 948 888 584 369 892 230
607 124 58 755 840 269 915 894 301 482 575 81 556 117 982 413 111 507 414 874 820 813 555 154 581
902 894 966 72 488 31 627 862 310 834 211 893 892 416 478 144 699 724 288 791 130 644 324 379 955
365 416 578 480 118 39 84 668 429 787 25 983 193 590 453 666 432 441 889 920 442 145 917 877 849
733 924 671 144 472 732 509 305 896 849 769 900 898 796 898 955 411 915 806 962 571 90 158 112 852
158 829 874 739 749 139 625 915 124 686 106 781 161 518 291 388 526 994 756 639 553 635 787 81 274
338 279 930 992 148 927 305 766 749 275 288 149 646 653 43 573 410 152 255 685 589 256 26 168 347
105 176 332 274 691 411 5 609 91 376 788 674 607 977 690 166 582 514 893 444 72 515 843 355 138
227 734 348 995 485 832 488 553 258 457 95 165 908 182 121 672 723 573 229 864 42 148 503 262 586
501 280 566 741 996 794 837 606 374 664 235 156 594 506 31 860 896 123 583 98 69 427 938 471 579
513 21 377 166 652 922 469 194 376 981 544 266 951 770 729 407 693 367 320 624 269 10 60 362 56
100 378 308 773 278 869 600 290 214 643 196 81 830 196 501 785 57 295 924 662 297 682 818 751 642
577 370 997 340 569 71 325 841 414 305 203 526 140 149 210 776 619 989 834 331 500 83 316 360 549
150 67 750 86 326 238 710 993 528 924 181 176 943 949 749 434 426 426 715 516 85 222 134 538 597
790 179 351 989 585 210 687 908 396 405 685 281 845 900 445 613 841 980 378 690 676 117 397 52 858
123 285 469 377 903 344 899 591 974 335 174 451 245 495 25 455 874 472 60 516 977 994 527 681 519
767 632 47 325 700 875 388 23 988 153 488 989 662 146 905 746 832 554 74 270 750 533 803 46 586
817 607 71 780 476 380 565 751 146 659 770 732 121 682 751 373 44 151 502 49 779 797 470 978 108
585 363 576 531 686 325 153 783 510 670 674 624 129 609 614 805 671 209 771 194 812 947 492 871 284
436 436 289 530 938 635 763 940 773 685 793 134 313 672 256 294 347 143 337 764 419 57 323 931 689
606 853 446 317 803 411 420 369 588 219 435 227 537 202 355 656 521 563 963 832 835 462 444 268 196
