25 25
326 606 34 106 690 902 885 255 148 534 117 500 415 465 126 949 666 87 174 169 538 622 251 246 394
187 694 263 94 633 536 158 742 637 22 152 591 899 182 170 371 667 608 89 828 569 732 839 634 78
215 881 912 47 595 805 374 740 579 182 549 77 326 971 362 30 873 984 829 891 420 866 910 423 730
698 390 80 863 382 306 819 832 807 468 134 586 598 682 612 960 633 692 248 949 749 830 127 215 402
905 196 581 896 612 53 553 645 961 325 400 692 187 84 223 702 448 107 690 244 26 384 362 469 399
168 99 627 184 362 944 239 775 330 78 38 998 742 597 934 810 847 223 387 783 144 129 263 7 327
724 7 486 139 352 569 859 578 674 391 699 654 22 21 513 683 113 634 302 288 894 19 56 173 822
41 800 614 27 977 980 265 454 64 776 356 524 511 684 416 126 43 737 350 145 721 662 460 657 475
476 957 365 481 629 734 139 536 707 108 472 589 319 892 610 352 495 371 320 201 669 581 946 356 800
606 244 934 219 434 20 978 169 751 875 719 21 919 676 534 331 464 52 251 701 404 84 991 646 436
474 347 576 417 886 537 758 96 812 458 614 908 713 795 820 811 500 881 280 946 712 904 435 674 926
639 159 682 552 593 471 85 109 429 126 507 649 563 74 456 245 324 508 268 242 143 70 473 373 478
306 674 544 321 864 856 159 759 83 23 931 227 693 138 816 73 182 522 440 210 362 359 141 818 75
413 245 177 445 681 282 925 239 655 807 632 191 250 428 319 407 643 577 378 765 990 623 773 620 46
605 934 138 15 333 262 81 408 249 58 460 342 780 512 843 380 17 931 334 968 656 52 746 260 874
453 11 827 616 439 517 111 576 511 0 269 883 26 355 750 970 914 595 913 942 66 947 637 807 876
414 915 116 322 59 50 128 40 868 591 60 481 383 112 992 277 95 731 942 445 520 274 680 387 179
850 424 727 688 679 791 279 614 12 293 720 536 712 586 742 750 765 161 790 685 584 38 973 976 289
650 75 321 446 794 767 962 634 381 252 48 971 588 301 449 695 573 217 450 271 559 397 247 957 893
650 188 151 925 556 235 236 245 299 256 744 593 703 291 755 978 780 736 696 665 356 761 230 844 268
981 723 682 680 698 863 690 82 903 896 432 601 249 224 916 811 288 712 508 983 741 147 2 246 631
645 67 863 397 636 691 670 587 189 703 550 501 956 498 526 570 411 257 519 922 393 860 601 429 982
5 976 552 537 91 123 404 959 717 821 742 288 92 624 868 18 837 238 401 303 516 325 10 929 764
549 90 0 870 822 551 946 860 0 600 355 487 190 627 83 596 719 116 7 881 319 913 167 903 277
512 313 496 466 415 580 331 387 370 40 256 840 262 478 615 713 256 76 785 503 365 311 271 542 162
