25 25
78 455 428 650 346 302 148 301 173 102 431 832 635 261 980 232 773 636 193 403 120 364 65 842 348
75 710 376 581 258 390 315 91 620 348 297 229 206 140 339 520 210 198 209 991 206 385 626 729 683
884 938 296 768 430 671 344 209 48 625 958 914 415 565 704 339 454 426 366 410 276 12 283 352 329
462 387 177 69 868 813 520 126 289 516 329 383 199 884 28 252 109 563 683 859 166 567 788 864 370
20 413 965 549 803 335 966 386 56 875 451 146 57 946 982 65 548 670 399 329 778 234 68 33 788
432 255 412 838 544 36 24 156 793 401 963 789 949 321 229 233 815 155 697 706 554 649 600 827 37
734 183 808 759 565 953 91 15 558 735 771 726 144 744 708 675 405 937 372 622 802 385 867 228 863
541 980 148 653 823 695 929 303 679 419 490 55 994 665 297 524 479 104 320 182 416 201 135 726 392
253 949 393 351 133 659 82 373 170 100 855 13 852 288 278 202 138 438 258 114 998 218 758 593 107
136 410 319 604 35 376 623 867 214 255 831 72 42 227 10 479 957 275 727 36 874 444 510 28 578
350 15 646 265 721 500 219 768 208 130 77 959 258 629 825 456 821 715 991 940 133 21 3 687 553
577 227 415 571 754 131 872 553 65 179 838 140 112 201 318 402 545 739 794 349 790 535 218 699 991
813 417 310 92 520 379 964 230 613 295 570 98 235 871 211 236 875 337 503 305 929 936 178 747 276
525 803 803 700 569 647 299 831 892 370 145 80 158 174 124 287 871 620 774 723 287 3 148 263 810
760 792 642 980 89 875 907 318 208 880 415 812 881 526 838 825 487 120 83 782 20 539 253 60 497
899 437 531 98 98 848 517 571 990 359 535 927 548 898 325 224 977 719 11 349 135 167 772 91 360
995 826 865 784 994 125 669 836 598 879 271 961 837 204 759 275 42 763 437 876 323 226 923 393 462
42 427 432 79 142 44 8 724 611 989 166 380 602 445 294 95 391 867 124 148 5 88 980 726 721
982 550 280 849 493 617 678 237 454 121 922 402 391 786 173 407 192 698 450 532 553 692 899 776 51
310 668 382 952 102 403 343 115 928 256 81 787 230 887 251 899 68 790 214 400 852 959 569 751 779
47 329 191 468 522 241 119 968 525 166 177 507 29 396 840 907 271 46 990 373 111 138 387 128 21
238 342 66 878 909 341 194 843 994 7 39 941 136 778 572 43 635 402 576 816 453 88 340 95 957
966 263 742 13 79 150 325 972 745 375 146 320 594 634 320 794 11 600 508 9 397 820 650 953 991
375 930 917 837 872 777 967 347 503 211 826 834 394 316 109 270 605 302 354 228 926 941 838 701 733
714 364 296 916 960 648 654 568 587 402 641 257 903 614 551 682 379 545 983 616 797 90 481 93 767
