25 25
627 274 976 410 539 167 324 661 984 653 328 711 378 954 172 52 907 312 131 916 388 918 80 145 458
836 183 791 940 290 221 22 560 94 976 40 536 808 369 78 30 601 97 645 30 777 178 538 360 323
283 76 214 125 530 861 701 592 938 583 109 379 676 92 812 711 166 947 712 705 871 323 55 739 709
724 745 772 541 203 967 60 253 636 315 10 804 752 563 815 805 28 635 783 722 577 484 974 395 450
201 170 157 587 336 745 963 198 363 828 5 935 518 882 823 349 599 729 703 774 455 896 613 500 865
914 84 487 133 717 278 307 949 42 354 762 541 47 756 429 839 797 22 58 439 950 554 736 892 247
205 609 921 262 380 137 721 157 929 816 10 252 525 478 145 102 97 417 588 198 486 751 302 876 974
225 495 147 279 553 596 862 533 450 873 128 908 259 357 774 759 905 186 533 631 355 452 311 381 943
128 338 824 457 720 958 923 24 869 667 279 290 890 441 136 879 644 63 151 534 177 566 335 481 810
420 130 362 700 62 478 354 699 999 191 708 959 934 955 585 293 832 202 86 431 150 832 974 392 452
527 980 130 162 111 729 187 12 404 135 562 543 426 145 798 189 950 240 759 963 873 64 200 446 605
945 513 693 495 131 763 699 125 429 39 335 613 652 948 236 703 652 739 600 675 222 431 651 507 235
843 560 596 325 737 436 206 919 871 138 360 221 263 209 403 309 65 147 348 365 250 568 577 722 886
602 53 442 434 324 884 885 735 400 604 361 737 781 400 833 889 353 753 832 499 812 649 367 526 562
302 461 98 378 45 58 339 530 507 580 397 909 549 163 374 977 525 564 402 805 310 187 50 647 128
570 500 507 528 776 378 991 717 953 180 827 139 777 602 437 686 20 360 103 283 785 792 32 598 355
40 926 164 111 830 675 951 918 768 5 716 515 388 345 870 38 214 185 325 285 210 551 995 685 383
206 6 64 193 483 863 225 227 667 961 917 163 523 606 991 573 991 168 619 872 170 499 58 692 837
886 599 507 197 502 528 867 164 826 710 20 628 107 55 997 529 953 148 745 436 743 707 602 512 834
866 961 786 171 839 176 806 603 312 640 128 182 408 366 900 870 283 568 496 216 392 975 410 713 670
925 767 525 721 198 711 996 750 644 657 454 689 284 117 282 21 427 751 538 199 779 235 266 399 727
302 805 513 38 251 141 859 803 781 811 93 199 364 620 804 115 252 750 451 770 123 280 513 974 88
822 563 783 225 273 503 104 826 170 583 429 4 735 696 826 366 897 791 558 825 349 579 78 11 460
264 8 263 417 440 430 220 341 142 750 141 701 383 217 516 578 649 281 932 849 258 966 337 448 754
73 544 926 575 766 285 943 923 585 110 673 235 773 78 330 368 956 934 152 114 352 885 666 29 706
