25 25
170 597 40 101 376 323 275 687 455 847 363 309 227 440 958 672 598 567 604 438 259 713 59 477 913
934 339 102 24 882 617 788 406 379 317 3 890 491 852 34 779 29 766 400 208 109 137 845 427 266
872 187 660 141 729 96 169 299 891 757 329 790 950 820 351 287 615 10 549 958 920 151 339 180 540
132 337 596 184 47 913 589 708 498 386 580 188 438 743 946 814 477 702 965 156 381 666 70 748 879
395 356 936 227 779 855 358 26 213 257 748 916 928 41 291 227 729 856 996 863 238 488 352 342 569
582 541 174 772 742 996 465 216 348 827 561 561 218 269 710 440 996 955 771 773 535 239 191 923 132
638 384 50 99 120 334 761 896 896 522 499 840 72 905 331 516 431 295 170 493 864 568 257 210 15
676 517 742 641 902 752 126 424 123 514 398 404 211 521 191 983 534 84 593 33 584 911 505 137 545
13 545 627 998 500 874 230 917 848 954 610 480 363 530 586 762 133 237 362 93 356 857 328 565 845
94 552 968 908 57 775 924 956 638 476 485 21 465 248 476 666 518 177 854 273 31 452 428 553 872
613 575 724 125 724 717 604 889 50 945 696 935 219 233 516 524 696 764 454 556 454 41 248 700 827
584 989 240 432 173 681 311 661 487 993 362 55 733 371 676 924 218 572 112 426 834 572 183 179 126
581 256 802 700 791 663 295 458 251 148 161 734 69 98 490 5 461 937 656 201 291 463 433 401 73
585 373 441 440 405 13 806 429 172 267 361 427 687 844 646 371 420 838 923 519 272 82 699 961 133
502 649 384 882 283 597 316 514 366 5 656 787 402 641 80 259 657 844 737 858 873 366 461 858 965
897 879 941 334 520 978 592 562 577 885 995 268 1 991 466 677 509 641 493 93 536 62 145 834 201
348 231 827 484 929 588 797 429 652 722 372 840 796 907 313 571 899 813 11 57 857 453 113 893 400
781 636 841 953 307 274 601 102 235 384 79 812 763 282 317 447 794 464 251 349 56 642 792 812 882
295 757 430 115 468 526 740 344 432 121 163 831 572 553 411 668 2 926 883 971 459 874 718 876 156
907 23 130 159 755 356 998 91 768 82 511 146 823 887 554 699 615 405 620 196 918 629 933 927 677
474 154 327 292 73 515 215 832 128 577 624 206 998 422 990 148 387 818 508 55 534 680 864 161 578
141 965 523 431 998 861 12 718 146 42 681 670 70 209 116 62 250 373 618 149 137 555 143 808 898
466 139 467 937 907 837 257 779 929 485 338 640 536 613 829 164 516 522 37 950 959 330 765 580 437
789 819 167 11 531 370 677 536 290 698 110 88 391 402 322 814 820 530 809 566 163 753 85 162 363
770 396 142 616 878 681 995 232 60 248 434 484 891 289 928 58 511 155 383 521 208 8 310 227 299
