25 25
509 617 892 805 532 6 258 147 871 621 633 175 779 950 666 91 669 134 456 66 810 900 158 981 90
429 382 560 553 470 52 523 300 517 339 891 623 595 281 937 985 61 533 235 385 250 462 288 289 372
802 2 265 594 201 310 742 626 632 157 812 523 839 982 235 859 584 633 529 168 943 567 240 593 181
984 55 121 259 125 675 643 848 397 981 283 377 122 21 693 629 586 855 590 6 546 238 407 287 31
342 206 707 535 807 167 28 343 817 278 789 983 241 126 574 163 223 479 152 97 650 451 236 192 382
723 292 251 807 572 504 93 754 863 377 782 329 284 662 727 418 829 3 616 963 148 347 456 967 242
484 349 688 495 696 81 373 606 895 722 980 569 846 708 477 75 641 613 381 491 250 119 508 396 589
306 462 617 560 824 776 432 453 923 274 496 661 159 406 609 932 785 392 254 213 449 555 324 448 291
608 399 60 816 78 944 336 409 433 946 374 563 596 525 280 31 379 274 339 851 688 146 268 589 412
471 118 57 713 149 461 565 961 365 829 659 441 52 547 829 889 890 609 986 961 147 981 986 833 203
276 241 319 767 365 214 127 584 38 912 384 928 159 463 336 19 822 49 845 696 956 205 362 317 252
247 99 294 884 15 179 506 823 916 82 398 33 932 720 336 230 501 948 838 174 709 92 681 920 299
394 60 681 180 545 3 944 438 59 26 450 118 143 239 437 742 699 91 763 983 293 864 217 458 74
769 289 264 129 398 598 297 266 600 854 64 407 17 887 224 905 440 554 363 295 661 338 814 244 134
278 696 575 867 860 353 882 122 530 235 499 560 28 228 882 842 679 733 651 861 569 604 763 606 94
405 634 149 461 146 428 791 900 124 393 355 10 98 641 334 566 954 282 554 492 337 665 152 823 365
326 906 279 129 236 82 592 768 506 508 65 950 885 318 849 253 318 914 599 707 263 432 889 158 4
881 120 382 195 510 178 769 852 869 295 664 60 357 358 72 395 700 880 681 377 407 481 136 118 951
367 760 76 528 819 447 458 222 398 407 279 334 586 455 429 294 779 927 752 864 138 295 722 784 514
590 306 86 698 257 604 78 940 471 51 891 46 610 417 259 219 459 557 656 777 616 191 431 228 326
862 782 265 338 703 302 42 503 982 720 671 944 813 892 560 134 756 838 540 193 974 987 278 410 958
358 137 300 608 202 10 357 741 247 84 855 544 718 16 239 348 478 983 285 580 364 821 528 149 86
973 948 657 781 512 402 134 22 800 446 36 108 612 151 914 438 353 241 550 176 660 460 947 969 369
299 433 195 510 225 45 820 770 363 896 234 782 683 301 15 2 800 618 113 343 88 474 566 558 866
697 371 786 770 293 361 741 543 576 201 590 441 50 448 959 458 353 256 54 926 687 966 151 347 753
