25 25
862 59 237 754 863 591 370 691 225 983 259 115 295 16 769 819 102 655 0 186 264 76 31 260 642
350 371 891 273 216 138 396 418 649 249 4 207 453 121 681 57 942 469 992 89 97 185 365 602 236
505 558 230 485 931 586 340 975 524 219 751 68 458 796 932 530 529 795 730 903 600 39 76 73 127
303 827 730 336 0 912 884 223 277 52 52 190 149 129 990 440 816 818 164 75 55 103 361 164 468
711 792 58 18 446 69 357 633 134 791 677 723 134 61 786 908 98 782 586 773 72 827 933 503 450
646 537 753 123 235 286 151 864 804 142 942 465 129 851 0 8 978 290 490 119 36 429 321 410 812
322 734 690 947 885 749 757 420 348 868 422 196 509 134 618 664 552 523 5 679 297 407 159 368 107
664 272 680 717 749 765 702 971 572 144 137 208 318 58 384 33 971 229 936 212 254 164 396 405 339
964 174 763 580 853 620 255 547 725 597 319 307 520 773 478 995 660 227 122 787 932 961 118 754 828
804 459 986 296 103 907 257 401 934 825 728 540 511 954 262 104 66 749 713 277 948 950 789 860 382
623 517 80 799 165 308 130 932 927 514 981 763 74 682 9 916 275 686 504 975 539 668 851 507 75
890 682 875 811 559 547 115 374 731 129 254 93 33 784 199 187 60 953 677 362 298 869 738 520 626
396 166 225 592 914 100 18 701 333 355 406 566 119 651 186 343 150 249 67 19 62 989 520 467 20
630 385 115 371 414 435 610 488 444 78 789 386 656 937 563 763 957 550 298 978 879 296 521 587 511
573 38 263 690 51 248 340 494 98 982 31 404 123 524 711 934 120 515 177 869 277 959 836 447 843
119 75 818 612 862 60 87 830 54 241 847 832 198 329 951 977 333 943 827 516 691 52 79 770 997
279 69 962 637 590 900 993 296 131 610 407 348 269 913 711 758 99 589 640 975 588 307 431 407 270
532 372 541 243 992 769 924 824 765 101 734 519 791 26 361 219 502 630 685 76 474 27 341 326 646
839 80 75 571 823 133 551 981 744 542 877 868 985 170 11 762 583 540 572 557 967 55 723 994 636
939 915 164 597 941 555 553 461 467 220 163 517 370 997 662 404 24 600 895 732 779 759 410 476 466
989 215 136 368 389 574 787 818 447 254 333 326 198 475 191 750 292 819 788 271 672 696 948 91 922
964 568 36 52 102 706 385 730 164 135 239 418 957 287 149 295 465 801 699 430 371 434 380 40 872
833 960 552 12 244 447 57 421 966 120 239 114 195 39 73 608 942 558 427 843 276 759 242 312 774
91 747 392 928 129 740 748 110 352 158 630 816 975 39 185 57 844 760 537 965 946 198 714 676 589
96 242 983 531 108 108 730 443 566 946 618 733 668 932 246 355 423 558 443 326 104 910 38 659 679
