25 25
213 80 774 172 94 813 409 419 796 387 882 612 674 319 722 385 179 847 82 563 238 378 75 56 518
184 352 922 103 991 310 426 241 327 553 117 472 70 793 400 773 142 954 232 746 366 140 601 562 853
967 762 905 139 545 524 743 459 197 784 634 638 341 530 548 861 517 686 673 674 729 140 96 478 540
519 403 315 883 742 990 4 699 421 628 401 510 84 836 575 313 826 800 298 330 787 26 61 155 155
286 677 794 694 686 145 39 586 892 121 220 684 483 351 405 384 573 426 334 144 875 706 474 721 248
912 193 583 109 641 57 978 30 182 892 506 446 698 129 716 294 40 138 511 660 889 809 544 819 669
915 405 961 210 352 189 487 766 680 840 70 278 81 63 788 548 159 737 88 211 255 953 750 787 220
36 984 911 526 563 175 506 233 64 590 542 932 651 235 90 639 164 858 587 195 630 482 836 120 776
114 171 189 2 798 901 893 252 79 976 151 998 391 137 248 767 94 651 188 603 278 938 49 269 715
75 586 453 469 896 639 36 817 157 597 652 35 917 834 257 481 646 626 61 333 653 268 9 928 322
908 120 428 278 654 935 12 62 73 633 454 520 127 909 365 659 63 254 846 5 787 772 270 88 376
691 557 525 209 86 574 908 597 259 984 93 685 2 161 667 913 925 177 880 230 810 446 99 469 127
0 798 561 898 103 632 475 857 235 73 186 956 96 491 10 785 481 553 46 516 762 113 215 545 333
877 426 23 118 34 802 162 339 992 142 133 227 814 501 674 658 709 909 881 642 460 410 533 576 405
808 465 684 379 788 119 656 931 668 358 530 224 620 742 979 665 517 823 335 734 517 692 214 35 564
325 82 255 899 145 922 580 159 467 946 709 371 522 629 93 153 557 942 64 966 398 629 129 623 367
365 468 324 193 481 465 480 920 296 21 288 680 563 7 259 724 64 586 62 511 373 645 13 908 793
299 596 625 785 89 444 866 197 811 186 359 20 557 288 542 23 142 630 994 864 771 9 110 277 547
528 312 428 703 432 869 481 134 978 460 578 245 675 716 971 828 321 168 395 706 753 803 717 514 137
408 893 757 396 911 642 222 849 778 634 64 113 573 167 871 259 593 531 723 738 732 500 746 405 64
481 629 105 395 856 823 913 837 901 979 968 824 917 195 707 272 621 145 24 908 548 106 95 229 160
679 64 731 728 749 191 169 889 843 341 533 286 841 45 306 885 935 202 911 735 936 516 189 936 627
115 19 254 813 654 290 613 238 553 680 881 906 896 389 983 473 418 222 998 897 388 145 776 62 415
576 60 359 439 934 135 532 969 611 747 967 963 286 194 670 942 711 44 556 328 475 14 961 324 15
616 328 564 180 640 227 402 964 763 877 100 154 72 90 846 621 979 104 362 603 96 586 913 153 717
