25 25
396 355 832 393 748 222 672 720 279 247 103 203 29 585 752 934 990 324 754 119 755 482 718 833 8
832 693 526 221 42 269 774 311 763 812 131 11 772 638 627 727 684 115 792 673 24 906 743 324 889
991 336 993 815 524 702 267 684 664 48 563 776 530 905 473 36 77 825 855 777 351 153 226 951 535
388 959 83 81 792 38 354 272 651 884 909 266 329 138 730 537 717 292 795 638 111 652 357 88 578
285 656 760 357 650 398 887 253 689 343 955 769 423 484 396 191 575 243 881 781 743 944 768 126 266
849 469 719 568 719 761 906 504 213 565 930 68 163 230 284 42 142 545 558 502 540 296 447 328 162
993 648 874 829 403 381 530 863 987 762 28 889 352 865 217 433 422 929 920 630 603 421 383 425 30
508 163 472 113 416 13 685 100 460 87 184 197 418 823 10 299 249 647 572 201 858 54 305 213 522
423 13 301 399 133 287 785 135 666 601 940 256 565 60 77 604 834 713 13 256 940 487 366 831 320
227 225 570 10 696 16 617 652 853 171 200 75 40 53 93 270 702 988 126 158 12 609 744 615 355
774 253 894 0 737 69 601 399 610 228 353 643 791 779 569 981 150 446 485 569 417 769 382 242 235
475 744 695 120 134 205 271 405 272 465 208 795 272 355 357 143 34 639 158 19 133 873 1 53 971
669 902 165 531 958 229 758 53 468 984 862 759 451 68 563 722 716 31 501 725 378 18 39 353 710
915 793 244 8 610 209 821 395 986 510 694 437 695 549 377 589 12 916 399 892 14 667 225 978 690
176 386 877 599 475 820 445 898 812 56 250 382 31 972 683 476 53 186 252 232 102 246 156 366 522
721 80 44 947 840 630 377 917 750 145 936 247 50 160 114 489 498 866 865 617 762 901 937 573 192
861 967 941 450 900 301 549 14 939 62 180 104 460 215 621 656 139 610 382 775 81 117 218 973 970
600 710 294 564 620 88 21 621 136 559 827 497 359 424 328 549 337 892 227 799 916 645 300 547 432
448 627 763 795 936 641 54 327 314 390 666 318 23 760 476 940 293 237 370 912 111 346 309 120 907
95 958 917 441 157 152 448 551 139 697 555 812 281 854 913 208 939 468 606 209 575 466 958 58 651
622 81 953 252 701 630 515 881 915 50 764 396 835 661 633 291 507 326 66 835 505 343 428 186 893
399 195 211 583 68 948 118 759 996 900 498 536 223 165 516 651 18 797 699 503 770 444 334 882 685
621 373 139 110 470 243 499 211 676 411 757 268 801 47 144 252 877 532 514 879 294 157 816 643 504
41 893 105 510 475 725 298 214 247 81 416 139 15 192 791 932 347 924 735 436 266 633 324 740 129
752 702 363 240 21 64 748 884 828 281 19 130 129 201 952 381 506 203 894 975 786 220 536 698 846
