25 25
458 881 311 288 109 464 19 681 608 65 606 343 788 748 890 32 722 227 611 457 313 701 215 96 224
203 554 438 797 783 420 194 823 807 273 148 358 473 641 157 475 244 151 631 479 85 144 876 252 287
380 739 335 175 741 361 988 208 348 242 280 327 776 259 636 844 307 945 105 455 782 277 361 202 641
56 180 976 782 706 358 340 761 822 380 960 955 929 323 662 935 563 784 524 46 728 127 997 908 485
836 605 48 88 476 8 994 112 790 511 409 168 656 191 716 870 876 836 287 11 638 861 958 358 263
405 180 274 723 162 390 560 911 421 131 833 237 332 741 867 165 80 158 445 146 162 769 987 613 157
783 930 561 148 475 407 864 137 646 620 367 586 456 910 637 166 12 692 520 405 898 479 255 546 514
968 83 728 903 101 150 787 205 982 823 643 564 337 166 687 689 205 542 419 259 446 540 725 594 843
741 280 980 936 902 524 358 291 626 23 696 707 368 870 885 48 861 897 2 310 630 811 152 560 227
714 890 75 944 788 546 82 599 728 336 298 163 740 380 691 650 263 975 605 174 127 346 638 161 716
165 773 681 860 370 874 850 642 274 943 618 603 724 780 867 799 263 248 304 836 996 527 438 60 458
503 691 547 239 267 924 998 545 977 845 304 601 55 761 729 943 11 778 402 945 966 32 580 946 128
803 111 345 136 363 936 239 853 454 677 944 982 859 14 877 361 991 496 562 197 130 718 368 656 945
204 548 358 655 419 34 553 960 81 690 489 133 569 842 63 110 740 898 230 652 155 224 421 755 674
236 301 516 216 621 94 711 800 843 545 504 214 172 852 435 468 114 223 386 10 720 91 140 689 541
607 557 36 409 671 516 514 328 123 843 329 572 599 964 242 818 858 984 666 396 411 527 720 462 141
514 66 211 514 491 447 413 910 992 25 820 604 416 337 327 734 235 623 690 100 640 327 562 472 294
717 209 72 466 820 825 475 105 698 680 371 759 858 668 938 842 613 328 509 815 403 784 385 947 736
688 817 680 724 789 380 990 815 396 317 651 978 409 15 555 228 461 560 31 72 603 383 316 825 247
637 291 151 570 398 587 713 989 301 152 573 761 371 642 860 94 165 407 499 331 152 317 414 332 763
712 174 386 254 233 218 214 834 105 30 459 762 633 9 155 371 996 968 595 644 50 85 42 222 586
683 120 174 250 927 126 900 505 297 781 738 195 532 152 27 173 274 945 626 308 668 218 906 610 19
736 951 891 241 293 169 951 760 860 329 368 386 531 334 215 70 554 382 412 487 872 369 375 947 232
527 622 229 616 613 528 852 800 103 507 499 24 22 924 658 571 292 686 671 16 263 276 305 232 110
485 513 912 488 653 306 440 293 981 784 506 81 593 663 690 639 662 233 542 504 793 388 31 998 896
