25 25
706 623 84 97 329 92 961 750 138 444 641 854 932 437 702 67 64 773 829 112 532 902 453 508 122
967 999 886 127 658 569 995 707 146 524 430 592 805 822 331 526 62 451 680 98 962 264 343 728 869
881 517 938 785 965 638 140 975 881 882 747 155 487 952 916 406 446 998 508 227 888 293 172 652 358
590 637 967 209 391 987 520 264 70 554 804 94 401 207 313 833 292 399 738 66 128 170 448 139 112
620 429 424 320 11 540 926 178 931 551 975 81 545 588 868 354 808 162 444 303 318 971 555 305 780
157 569 62 578 386 707 4 121 937 139 802 930 39 447 826 787 241 440 775 500 965 616 861 221 978
483 814 588 256 878 288 921 399 468 562 372 475 983 44 298 213 459 757 936 218 490 354 265 563 584
428 149 335 44 148 427 888 329 13 70 951 303 629 393 615 406 820 544 14 490 396 620 181 184 548
281 427 512 792 85 187 481 620 986 402 466 154 169 250 272 390 825 50 941 885 694 755 728 402 643
400 468 599 234 35 719 144 336 874 947 421 664 435 801 859 486 449 830 255 728 677 587 903 905 456
852 238 889 842 877 104 607 102 780 144 813 196 579 191 546 473 271 356 951 461 957 439 968 177 53
818 623 763 936 835 190 747 357 301 713 936 598 349 750 65 197 256 837 844 226 75 935 583 509 596
543 834 492 943 9 814 542 564 85 470 23 418 352 252 214 222 961 674 724 86 688 379 997 49 488
230 519 217 692 940 616 293 644 26 34 940 257 551 34 209 686 162 354 183 188 130 555 539 423 818
829 725 731 388 669 515 643 239 987 33 249 658 424 229 441 850 964 799 104 203 977 603 11 529 137
907 91 360 62 341 496 962 1 48 249 409 608 706 809 379 494 36 909 891 346 750 839 846 463 452
746 938 233 540 767 351 244 596 26 623 385 81 588 208 398 48 795 144 490 188 822 386 651 566 841
391 869 812 203 175 110 185 416 738 106 698 83 554 821 300 945 863 302 642 448 560 323 682 598 127
418 716 998 782 553 749 164 289 79 947 162 597 625 460 877 686 520 415 26 96 363 263 785 406 191
186 275 4 884 538 417 254 322 55 812 926 478 620 578 114 485 458 653 428 169 498 911 496 586 232
734 207 703 151 901 4 19 319 847 150 602 852 437 171 262 651 265 865 296 769 162 896 469 749 663
617 419 408 222 521 692 2 53 357 392 444 706 311 848 493 486 557 585 447 852 482 984 694 417 769
385 465 144 423 555 229 903 563 941 235 778 558 107 508 121 544 964 976 40 928 484 270 285 728 319
281 541 258 285 200 868 486 630 795 16 250 748 710 914 553 421 459 594 802 548 295 698 772 905 406
777 4 279 601 586 896 559 21 496 610 472 799 12 493 820 568 163 296 446 64 491 128 46 683 51
