25 25
616 893 297 105 604 92 504 791 163 851 341 655 424 232 93 974 999 558 250 414 916 562 851 497 797
895 888 952 374 768 42 858 635 760 144 434 894 27 36 197 712 303 83 630 693 341 692 98 319 140
806 821 859 611 22 106 350 235 509 108 613 32 398 202 444 617 847 751 367 962 309 893 195 194 691
380 189 408 488 905 292 565 998 716 46 892 804 946 168 358 127 601 560 219 238 839 786 317 512 48
359 490 832 236 257 490 820 45 904 202 834 847 62 983 475 565 530 334 839 973 514 511 287 184 335
521 387 708 600 245 576 711 211 785 810 732 757 486 312 723 620 689 716 574 846 993 20 551 690 790
246 534 728 100 140 229 189 852 75 915 769 224 85 699 981 203 398 774 199 916 640 375 512 816 587
103 520 407 435 746 311 120 324 279 197 951 165 889 261 88 804 325 924 162 348 825 380 722 17 752
676 120 483 384 637 186 923 737 558 748 459 696 358 730 960 335 164 596 598 173 299 327 279 161 28
672 673 20 524 102 640 605 871 511 54 873 444 407 373 68 45 842 98 440 660 968 381 353 910 415
293 93 465 429 81 567 530 967 985 82 676 170 139 700 777 415 417 751 635 155 688 388 182 210 956
968 716 181 279 145 466 717 67 523 860 696 185 807 246 152 796 855 506 364 994 834 643 657 877 286
272 453 62 288 922 885 137 796 810 975 404 481 102 997 419 151 623 628 276 974 962 976 654 236 496
36 841 729 251 683 198 704 971 847 247 526 496 278 550 931 300 117 173 920 214 469 838 669 22 314
345 734 134 652 398 133 527 270 328 370 760 513 477 379 625 406 16 556 537 726 895 898 960 51 47
358 439 371 721 450 898 73 561 129 222 574 213 758 603 879 659 990 349 38 271 350 145 646 372 424
226 199 242 495 916 248 635 764 350 857 585 113 514 305 957 693 270 434 754 760 822 580 309 347 235
640 825 665 781 259 166 45 506 471 225 280 329 327 234 40 227 884 435 854 795 68 849 417 410 73
425 545 859 193 611 868 205 40 608 358 730 868 334 806 376 215 647 175 575 700 226 787 105 398 46
195 622 679 314 257 781 564 498 871 171 586 577 20 482 376 463 852 640 974 409 407 808 76 820 643
238 726 734 81 51 601 565 415 5 482 517 867 293 734 175 32 753 677 245 378 566 834 941 67 441
586 531 558 119 793 562 594 670 434 771 776 805 85 84 579 649 575 428 667 64 445 753 914 690 958
482 115 946 91 451 330 290 328 947 340 194 182 214 472 783 495 695 80 505 533 186 201 431 986 454
375 283 563 624 407 896 812 757 416 767 170 384 947 192 566 277 919 160 157 443 486 787 422 746 360
365 42 375 62 937 444 561 886 981 672 452 647 356 619 83 836 86 605 204 928 839 425 894 862 563
