25 25
478 591 839 627 110 217 333 51 70 665 126 628 421 478 536 537 287 599 742 130 199 765 983 511 44
74 227 169 978 27 471 239 741 78 644 545 61 597 211 70 224 591 890 485 851 933 269 14 621 324
201 583 38 461 302 637 223 513 21 984 161 230 478 78 338 722 315 270 401 968 911 50 524 734 338
819 454 939 510 568 194 897 468 240 981 580 175 750 260 399 506 170 62 662 660 154 234 11 423 870
307 484 405 411 135 237 491 798 959 701 299 291 584 122 974 228 251 488 793 306 221 688 254 734 559
283 377 41 377 976 752 850 635 9 420 669 957 788 759 484 248 756 550 546 622 83 414 752 22 166
442 922 51 365 470 208 566 247 839 940 575 950 704 325 49 470 574 368 819 744 407 15 934 339 384
769 441 930 482 124 258 419 930 172 407 646 313 626 342 216 647 470 137 318 421 575 867 247 865 643
255 956 725 413 182 183 430 931 163 931 633 46 712 579 501 910 121 794 175 846 442 879 418 184 916
346 998 850 712 673 684 306 715 620 819 158 633 275 895 505 937 387 329 747 623 464 805 254 858 460
88 448 673 336 369 80 239 181 213 44 348 169 276 417 366 302 868 801 896 944 957 681 267 197 546
232 562 320 794 412 765 949 346 804 839 502 951 451 16 684 969 333 126 967 748 582 131 442 615 916
261 876 507 614 923 354 526 961 550 353 888 763 532 932 7 736 452 404 291 318 850 862 394 212 950
231 85 567 508 459 824 369 165 903 218 405 579 455 420 929 815 5 735 13 596 106 983 948 668 528
656 534 463 536 613 31 301 27 782 794 807 204 384 241 136 935 635 515 276 475 287 283 140 12 247
373 93 492 28 449 988 226 379 888 398 468 110 542 476 960 777 618 595 67 865 59 148 373 336 719
879 779 912 418 845 209 617 596 37 5 205 431 953 476 722 267 101 376 54 144 754 169 760 157 13
853 724 278 513 777 852 793 838 238 107 553 346 314 775 690 43 86 34 878 236 304 21 627 717 532
732 421 161 742 128 528 367 252 137 354 559 312 45 703 737 561 657 285 945 757 84 117 993 451 449
549 850 831 724 42 983 643 544 133 780 780 834 652 273 732 895 420 919 536 161 969 410 183 860 541
829 169 94 356 300 806 625 335 239 97 36 78 586 983 387 323 496 218 92 582 249 940 873 907 925
454 113 70 356 473 600 141 16 777 391 87 162 697 611 718 402 91 99 302 322 845 613 515 674 885
935 212 849 586 387 147 938 855 160 389 103 873 338 703 486 783 618 526 985 568 604 690 166 944 833
911 347 950 287 183 294 246 547 939 986 947 447 920 314 833 297 416 687 379 435 466 497 921 917 244
863 405 693 502 614 263 179 488 542 126 510 886 842 222 627 235 81 184 26 790 426 873 110 15 627
