25 25
547 624 211 624 255 342 478 245 833 112 687 73 486 814 719 233 207 350 498 133 930 598 790 128 571
985 717 621 931 108 582 2 122 515 323 817 873 772 782 203 34 628 600 26 70 449 113 667 393 376
789 777 550 979 137 267 3 811 139 13 152 59 59 249 124 177 52 205 441 226 217 579 421 857 794
493 245 582 412 499 418 605 770 824 95 725 827 234 344 386 881 216 680 533 400 809 185 703 104 874
262 908 862 248 465 414 175 519 409 219 121 921 831 82 531 156 606 413 650 643 689 942 977 129 458
247 149 878 454 283 179 630 503 81 712 509 538 979 735 80 665 433 681 392 241 938 628 904 905 934
202 472 280 880 515 597 698 499 246 264 345 627 314 256 240 286 914 299 111 419 857 580 88 2 571
820 121 749 374 86 144 734 515 816 842 216 762 799 574 714 367 581 877 87 282 532 676 862 799 654
345 716 649 730 215 942 688 495 522 575 631 844 221 527 399 717 939 439 748 325 74 633 471 739 927
675 304 463 8 783 351 535 567 603 971 37 890 844 51 890 343 239 891 849 30 22 86 109 936 779
518 488 697 103 644 723 362 325 983 483 811 928 162 569 866 188 47 834 438 134 515 538 24 282 677
859 220 391 870 299 496 469 880 152 591 166 947 502 132 9 720 993 726 54 190 252 387 778 676 284
234 423 849 651 887 845 815 764 780 917 534 899 451 581 209 36 816 547 858 701 238 775 323 770 555
685 752 2 763 334 860 808 901 214 438 622 265 120 564 833 361 750 498 656 0 576 540 527 497 427
76 166 662 126 841 700 381 96 74 414 440 903 641 107 981 436 95 172 763 347 170 516 185 730 533
813 940 728 409 470 656 210 998 799 822 96 320 764 30 662 357 49 326 716 609 96 76 629 701 803
878 719 16 757 631 245 955 723 470 806 516 347 381 936 98 388 196 238 896 92 574 91 566 879 970
299 162 678 173 47 165 827 613 954 555 843 205 781 78 312 514 124 646 581 774 986 657 612 13 772
577 408 672 195 121 295 976 371 842 823 82 992 639 42 206 650 77 135 525 672 37 550 770 516 93
581 664 873 152 822 37 176 878 457 243 411 916 463 152 80 394 718 279 535 679 254 881 768 181 384
898 130 467 705 858 11 674 232 428 383 481 981 494 530 387 297 608 749 536 220 90 620 297 397 652
925 375 326 339 243 155 105 666 462 603 784 593 844 50 364 213 722 435 804 340 771 232 41 590 981
247 832 430 140 857 457 197 611 520 261 689 293 867 351 333 526 299 781 768 349 135 388 458 809 482
987 332 193 12 221 556 131 506 277 332 145 249 314 391 678 50 575 920 231 975 27 87 266 744 981
463 774 296 648 798 655 463 400 556 80 806 16 634 394 454 401 393 351 608 494 890 459 131 913 47
