25 25
513 756 780 882 452 635 529 684 723 428 983 569 57 108 740 488 68 3 358 199 191 146 596 221 24
202 43 672 851 196 966 774 810 71 833 674 422 873 654 46 160 673 441 865 22 945 181 963 828 477
91 41 508 644 631 962 742 920 839 122 236 834 528 671 381 404 870 848 285 670 223 568 822 8 897
627 183 680 280 279 727 669 594 127 705 1 345 421 216 124 69 270 95 77 522 995 932 451 37 711
19 832 28 705 406 385 969 444 325 159 425 602 675 392 480 87 119 87 845 937 878 94 386 604 726
340 617 67 357 728 39 42 579 315 988 758 901 196 912 144 967 286 110 645 606 302 745 628 172 834
480 617 555 918 143 778 760 515 514 911 377 974 87 155 252 206 534 78 145 985 310 595 421 920 823
754 895 379 428 342 908 519 301 579 3 100 850 768 840 290 585 800 423 410 672 98 34 636 655 313
21 76 642 303 992 358 319 354 539 763 165 218 100 128 400 249 275 319 177 401 15 329 219 209 287
290 321 461 251 195 376 639 623 193 858 857 591 423 474 374 99 738 993 141 362 936 283 36 368 286
937 578 558 760 522 806 769 508 513 383 418 262 908 472 640 141 552 716 57 600 641 98 812 1 755
863 962 966 749 288 443 814 489 355 896 800 95 202 711 629 22 411 284 625 421 410 467 274 214 322
281 920 590 809 183 971 121 738 709 367 669 333 961 280 760 350 555 37 594 204 350 573 512 169 941
869 647 886 327 564 735 919 918 542 609 479 94 276 169 762 47 817 64 72 444 530 748 84 14 932
264 49 703 845 895 240 875 765 990 280 504 875 929 222 607 616 228 389 985 629 391 907 986 277 591
127 763 304 436 947 479 199 511 975 738 386 400 796 316 685 712 250 446 291 884 229 556 929 313 387
608 621 480 870 693 247 254 990 566 254 910 486 235 517 750 272 672 412 877 539 172 66 16 39 694
358 740 909 61 457 119 636 952 590 458 698 439 490 933 486 837 504 633 969 904 948 398 740 101 208
299 346 860 601 861 216 479 534 844 546 280 476 188 534 726 98 149 904 838 880 854 444 557 775 37
863 338 716 770 803 447 396 690 100 444 620 45 977 121 818 957 994 204 407 861 352 195 796 784 342
545 614 903 679 481 408 81 782 114 727 13 245 48 308 296 825 105 50 861 67 617 941 334 830 732
962 742 311 520 352 581 721 863 61 921 232 500 842 945 866 126 18 745 931 459 681 160 909 508 998
66 386 122 80 715 391 918 901 794 499 878 293 856 654 44 45 150 131 707 43 535 449 846 750 945
953 371 886 578 107 459 298 651 83 393 479 710 62 630 658 490 470 948 786 796 158 733 435 315 518
766 219 585 791 868 829 219 518 129 79 931 654 862 262 727 948 219 677 468 12 825 979 465 88 688
