25 25
890 636 168 313 547 512 819 16 16 306 565 270 104 842 527 692 338 891 338 690 718 151 885 412 557
712 351 53 456 615 912 34 626 944 536 239 191 423 697 129 210 32 544 402 843 789 799 275 269 382
559 210 368 527 35 450 360 775 598 307 111 16 925 899 932 83 757 321 51 270 438 29 497 366 129
498 950 913 406 212 55 342 884 173 204 524 975 554 934 815 405 332 576 518 272 541 160 774 963 595
895 808 348 339 636 346 970 998 898 204 170 13 394 163 251 440 311 920 506 994 471 712 558 784 58
700 316 464 130 328 162 93 42 789 901 457 339 754 573 438 701 590 176 115 23 995 980 465 590 134
775 387 324 847 669 489 913 819 45 819 385 98 156 354 67 678 370 557 559 156 510 514 65 796 951
35 628 63 279 886 460 674 95 445 741 663 932 533 416 185 81 200 775 737 472 260 619 214 268 653
520 867 439 305 706 322 467 459 923 644 549 529 702 622 588 349 612 625 126 570 178 338 720 650 153
406 343 394 922 929 850 600 407 9 605 952 757 504 403 102 690 87 975 392 577 744 881 298 515 953
634 28 681 201 146 125 56 935 167 685 990 188 723 523 709 835 345 929 713 621 816 256 535 699 557
252 991 90 318 430 60 209 595 672 59 536 183 914 912 979 915 208 30 592 481 135 798 63 586 948
659 234 229 493 618 175 518 307 710 912 323 394 160 171 300 487 705 845 665 163 695 580 456 847 200
501 470 57 602 381 727 901 570 844 38 841 75 484 321 96 982 379 369 75 470 247 883 995 121 203
152 64 926 711 721 957 313 694 698 303 238 796 760 60 107 145 553 485 802 593 586 379 753 500 439
969 825 930 782 158 900 779 642 935 491 444 430 341 314 16 464 533 258 614 694 830 329 574 804 790
54 416 172 17 371 188 969 479 90 833 859 218 739 314 388 821 265 312 716 912 293 4 772 617 83
516 150 812 800 999 574 764 330 639 473 664 208 974 198 634 135 834 529 689 780 141 111 429 982 249
873 540 599 393 560 126 175 6 15 29 472 901 656 928 162 423 914 850 0 259 442 899 577 630 901
318 845 991 271 268 930 314 345 306 383 861 85 375 598 790 590 722 953 521 36 936 874 862 151 177
872 221 667 782 90 234 571 503 316 31 365 722 709 713 899 577 445 84 706 671 627 472 917 979 88
691 589 405 645 43 469 845 341 248 322 311 413 358 246 597 596 310 300 439 943 590 855 828 87 500
288 549 858 532 506 223 217 788 225 855 692 786 604 294 659 418 63 299 992 490 119 829 426 656 847
679 868 116 459 967 200 845 979 523 586 215 918 181 579 255 533 814 124 148 271 60 165 207 172 838
998 639 171 27 57 667 987 627 418 761 969 804 573 184 920 585 700 684 619 402 164 142 873 362 680
