25 25
441 687 152 39 651 362 333 763 641 881 31 440 955 877 691 565 447 548 283 545 559 950 73 95 161
14 760 521 382 71 897 18 174 924 263 560 879 972 979 638 259 997 162 142 286 18 797 74 103 502
39 686 327 979 404 364 731 233 718 917 830 981 230 699 211 237 91 0 616 393 314 524 460 898 797
526 778 860 399 149 638 374 351 350 616 812 102 193 559 828 631 701 461 287 93 771 931 170 342 357
297 996 915 418 970 887 921 111 659 967 137 253 653 8 940 362 936 156 631 617 406 28 142 889 128
259 554 103 84 258 699 177 825 660 508 455 184 134 129 281 560 158 728 773 191 684 307 642 981 737
992 611 282 181 727 853 368 571 960 525 848 733 504 129 702 124 777 871 750 512 584 982 16 605 8
164 760 421 999 294 761 48 113 996 962 205 479 561 467 969 319 441 399 898 865 227 498 144 160 563
395 536 661 265 188 416 450 507 310 974 273 847 444 612 598 913 708 471 185 188 242 592 930 962 507
464 908 942 928 580 953 870 187 493 463 76 177 156 417 542 427 691 645 678 796 362 826 875 905 594
367 124 503 85 307 209 325 995 794 423 946 256 722 355 370 423 64 595 554 852 869 777 38 885 797
875 840 337 726 54 358 337 351 690 51 302 495 555 634 800 707 457 440 909 148 615 316 597 35 654
980 973 932 737 80 366 626 105 825 417 998 516 10 409 75 310 787 866 112 74 111 26 687 844 275
45 105 495 233 433 941 888 613 211 320 794 864 356 698 388 448 802 642 89 32 389 662 348 507 309
288 92 214 15 311 624 159 110 185 70 365 898 147 450 762 634 740 111 322 202 2 736 921 885 609
100 713 639 404 696 629 258 941 370 554 827 495 979 790 671 765 612 7 30 75 122 179 768 117 337
739 281 232 446 345 230 671 308 172 380 599 398 984 641 18 708 329 852 377 508 731 975 366 511 766
730 867 324 544 235 613 567 111 638 775 542 328 634 222 768 183 561 994 502 567 434 629 918 503 750
887 132 181 484 294 735 970 381 335 82 201 725 331 850 475 598 380 30 921 992 23 800 425 164 396
950 628 157 967 662 442 895 184 1 895 203 689 902 36 742 444 205 551 142 662 306 953 702 249 286
43 162 491 512 405 443 882 198 414 653 208 714 842 357 557 205 91 595 157 888 611 497 202 222 5
791 778 275 967 303 192 744 525 461 88 260 9 584 624 311 834 895 962 865 175 623 199 250 573 688
988 465 956 175 455 403 673 598 803 142 856 200 200 973 692 566 358 972 170 0 94 609 243 361 760
912 940 355 742 465 4 729 10 203 277 880 188 33 666 872 172 569 102 631 203 941 509 181 837 224
284 941 373 903 378 226 118 8 48 223 491 491 903 407 182 267 539 100 868 914 3 196 838 687 83
