25 25
946 924 669 699 644 901 406 954 229 357 815 178 787 317 728 434 728 507 231 114 601 697 736 373 511
820 378 891 756 915 948 708 37 360 595 222 96 512 995 970 757 427 40 330 198 84 366 390 717 730
823 582 792 102 113 853 233 902 910 292 524 84 524 588 367 845 182 416 190 533 349 202 676 673 199
810 550 48 390 819 791 605 687 851 587 657 924 707 324 495 857 188 807 503 881 636 25 185 613 839
863 997 301 377 166 9 288 229 768 215 255 168 166 830 325 901 863 58 953 959 959 544 386 949 749
284 297 73 11 526 389 999 497 952 163 728 886 942 841 966 466 299 877 246 78 790 836 54 422 101
781 854 530 784 817 543 815 860 59 622 589 422 577 744 319 105 406 90 788 105 868 130 736 849 473
590 505 54 133 592 853 931 520 876 428 933 625 217 624 723 241 300 756 755 956 535 981 437 887 748
4 583 275 866 363 733 45 65 313 173 100 13 986 516 703 52 578 382 173 261 131 232 578 277 801
133 590 66 550 432 334 864 978 821 450 869 11 996 996 476 923 639 701 755 68 410 362 451 35 702
604 69 559 630 179 764 185 748 612 823 630 917 649 769 826 224 114 994 578 154 776 423 630 568 323
608 929 479 785 498 197 526 621 357 776 433 692 690 489 685 851 868 481 607 843 795 753 63 282 714
692 428 180 877 677 105 793 698 607 182 966 822 706 861 234 663 673 753 216 901 989 84 794 956 60
964 593 837 466 374 540 639 131 889 526 100 335 530 643 740 627 270 814 996 157 228 726 357 7 714
116 622 475 74 482 601 938 40 413 695 816 274 746 982 182 549 981 142 566 109 928 218 340 473 707
361 528 464 725 942 752 189 296 454 523 965 972 199 730 878 442 136 475 562 257 26 719 450 333 713
554 953 108 52 472 405 501 682 479 433 37 175 519 960 432 81 656 212 501 674 543 917 635 226 715
472 61 721 983 782 871 633 918 983 394 42 101 864 209 552 560 717 59 817 646 656 863 162 460 461
324 325 235 989 296 94 947 663 665 847 481 292 97 202 422 48 908 320 872 452 880 906 933 423 206
983 620 84 370 281 394 691 751 397 714 961 404 780 74 142 493 593 161 343 114 273 381 60 15 682
164 767 34 78 505 309 991 684 14 918 696 913 638 182 521 416 416 800 404 783 946 421 20 573 318
615 93 539 333 654 436 613 573 452 206 940 606 109 184 618 742 663 315 278 542 503 638 823 957 1
237 768 853 460 975 745 291 293 387 526 53 889 269 38 621 869 588 493 646 808 828 146 313 907 768
479 294 933 816 738 458 267 223 447 467 475 101 160 874 754 609 135 609 401 30 87 773 797 42 983
883 123 362 576 634 569 215 737 254 849 410 739 889 920 328 435 631 394 577 96 608 146 597 67 636
