25 25
63 780 650 325 917 863 772 850 659 171 923 807 97 236 259 446 333 618 584 584 485 367 511 776 902
406 224 106 575 882 268 389 555 389 249 3 869 426 412 192 279 898 88 724 492 831 940 480 220 87
23 413 835 255 743 964 881 742 589 975 565 505 39 855 236 820 201 519 93 749 496 58 233 186 468
813 541 388 444 404 677 141 870 901 842 867 138 30 400 39 957 516 966 991 850 179 637 138 37 372
766 976 231 505 333 430 302 38 603 681 529 641 624 714 305 364 905 770 349 720 648 567 718 891 31
135 446 530 132 548 648 733 922 130 147 629 588 45 143 412 831 815 417 504 602 848 878 509 706 440
721 291 867 103 290 926 253 194 652 910 170 159 665 17 374 851 995 214 496 278 323 316 180 19 654
593 443 377 115 420 887 640 512 105 363 277 317 910 742 898 116 957 802 994 304 82 803 891 529 350
28 198 780 513 585 771 328 78 511 490 337 183 203 710 781 912 335 114 558 332 616 362 423 477 646
206 852 375 475 432 355 668 953 803 441 890 983 250 411 524 397 233 111 509 962 550 408 371 545 633
197 747 171 550 897 411 633 609 132 827 72 18 257 142 36 678 19 115 938 130 534 277 280 473 66
759 35 266 355 943 348 960 649 821 592 75 146 711 439 0 210 170 100 629 837 220 501 889 278 4
468 978 280 604 844 599 25 289 359 973 0 856 762 83 515 515 780 758 516 953 805 780 261 527 67
74 889 151 820 553 190 469 792 103 831 155 181 675 503 922 666 180 702 157 342 78 513 835 718 525
305 406 542 252 142 685 310 774 8 313 527 743 617 637 108 373 153 668 711 691 479 642 850 191 112
220 951 146 301 909 666 306 285 348 694 778 667 240 923 92 606 717 673 507 403 169 915 260 718 986
570 221 217 487 973 798 307 438 540 147 990 48 832 984 125 987 85 723 334 938 359 199 36 670 970
116 290 626 31 362 335 959 399 526 606 95 473 566 434 706 134 351 679 818 757 978 352 918 963 69
177 285 743 550 647 147 405 498 257 588 46 737 871 440 746 201 607 597 849 994 878 675 40 527 323
799 616 597 191 95 75 641 110 871 507 461 661 839 758 330 746 662 104 721 311 146 807 765 276 509
289 397 294 948 453 53 106 849 179 709 257 30 755 930 910 678 128 636 80 145 336 134 585 168 540
339 363 512 323 872 18 610 985 868 783 755 577 351 379 308 653 642 502 493 441 980 627 991 156 709
614 452 391 555 522 443 942 800 43 761 839 680 175 52 126 271 987 730 938 76 958 560 376 252 982
148 518 204 104 436 982 587 78 467 614 486 21 818 344 737 561 591 708 960 772 101 161 228 739 815
729 785 366 318 788 852 506 698 183 966 714 649 647 977 689 722 848 391 930 114 1 775 637 531 522
