25 25
560 546 995 690 713 445 599 221 231 488 644 851 117 175 578 990 385 943 505 783 114 658 156 546 39
292 447 908 292 19 238 716 26 80 877 810 839 374 40 406 529 894 130 68 551 601 330 659 821 383
471 787 648 135 701 450 513 808 341 686 818 231 656 935 279 94 305 190 597 237 397 142 986 910 916
669 512 234 509 223 172 354 200 419 992 468 579 433 623 253 144 230 28 241 785 840 401 150 528 896
423 258 553 915 604 301 86 116 898 456 435 508 584 33 469 585 121 499 387 764 865 621 697 60 699
773 69 794 202 582 978 464 495 666 456 90 767 604 984 93 723 702 697 888 188 723 98 67 823 885
942 473 463 556 533 656 902 27 401 730 623 738 21 51 142 55 489 683 742 86 529 168 445 619 85
339 194 502 59 533 644 478 441 108 925 496 569 846 388 566 706 468 589 319 264 495 313 145 157 897
947 409 460 681 397 225 821 690 661 371 59 675 569 136 519 919 913 329 191 610 227 99 941 319 476
128 691 499 789 497 230 496 661 23 311 50 436 480 885 239 635 127 454 879 179 340 252 197 137 839
118 153 661 304 13 294 862 917 400 58 655 360 964 403 888 488 806 772 824 479 419 300 851 133 746
606 602 442 471 148 199 176 315 447 581 596 741 675 130 218 90 903 107 322 416 463 314 821 160 147
130 404 494 982 260 508 628 184 351 528 77 375 887 961 17 327 638 515 67 158 573 642 656 784 313
134 408 477 80 910 228 846 703 632 589 628 151 25 670 428 732 404 141 160 279 859 493 29 975 250
331 182 933 83 719 331 767 699 868 507 98 202 287 807 970 172 172 155 90 643 307 90 202 637 247
149 287 107 128 868 688 412 551 976 544 382 319 785 741 965 171 102 723 720 883 379 570 468 314 315
132 65 862 82 866 653 306 293 541 620 44 684 632 410 180 206 706 653 921 266 6 622 252 456 856
504 996 558 694 367 780 722 585 140 638 345 302 196 94 412 803 214 227 340 983 226 417 562 612 794
423 825 377 989 316 650 999 217 883 870 723 382 741 675 789 989 749 140 525 689 341 899 322 809 877
948 886 362 939 441 26 847 688 313 56 713 785 247 11 921 250 546 419 325 352 11 230 290 697 639
154 484 298 431 539 162 726 794 322 295 237 6 800 739 59 507 396 794 943 523 448 851 24 271 469
698 347 639 940 785 330 393 748 558 470 26 690 896 315 241 978 618 30 165 277 586 477 379 500 563
99 45 397 391 45 362 24 483 380 304 832 245 490 274 542 828 287 868 515 996 918 407 389 128 919
677 736 229 177 153 636 834 148 66 762 707 565 477 973 613 984 44 425 936 704 891 564 634 842 206
865 849 625 68 208 416 615 6 620 252 411 999 864 925 841 826 435 999 829 380 637 666 837 899 976
