25 25
959 197 5 549 492 707 45 243 382 965 843 182 859 613 118 298 956 682 874 29 525 410 837 916 979
588 35 216 314 499 117 311 620 484 12 78 715 160 984 858 325 619 671 779 666 434 86 629 351 199
866 981 991 109 212 755 36 668 742 380 214 137 60 585 175 321 106 58 9 736 765 883 529 291 556
808 14 843 611 731 863 146 103 645 342 349 794 386 865 536 998 370 15 756 783 48 302 734 519 712
950 182 410 978 338 387 884 279 707 187 813 696 570 296 219 669 476 199 400 225 496 968 614 698 188
210 475 910 38 669 972 751 50 597 19 640 482 987 546 884 93 892 163 277 712 770 548 36 499 281
927 601 664 55 926 370 724 34 280 588 113 760 788 146 93 735 289 17 778 900 811 925 10 238 340
211 4 563 965 45 820 169 570 549 404 783 287 263 421 506 971 61 538 564 314 613 806 9 599 63
483 226 600 517 687 411 54 227 264 243 259 709 703 414 616 106 74 478 144 806 438 107 923 91 100
907 707 844 844 187 554 243 511 942 348 12 565 190 513 792 858 481 961 296 459 161 473 391 634 736
640 436 37 689 335 728 120 755 718 291 532 819 904 0 118 622 229 845 886 368 930 881 779 413 155
159 741 245 733 198 731 626 97 937 612 338 357 163 503 234 677 616 555 266 831 394 486 532 901 947
104 567 309 727 585 29 604 223 850 178 42 46 576 35 894 209 991 927 779 869 211 615 979 69 755
470 377 467 666 714 447 933 877 289 561 930 75 51 315 894 381 520 846 704 346 425 234 47 148 632
190 644 4 30 591 497 943 757 478 681 324 400 669 110 969 569 212 639 672 135 810 815 457 654 332
814 694 467 866 120 600 602 524 910 169 682 951 330 185 660 53 163 702 844 600 998 20 307 793 271
199 575 826 730 896 47 302 794 940 810 699 570 115 499 712 416 291 531 246 967 32 266 382 938 8
772 408 854 44 167 341 560 909 919 135 81 405 357 876 556 410 995 818 458 715 84 935 55 379 924
843 259 628 158 705 801 439 159 436 565 746 104 410 658 430 280 322 969 182 551 614 830 479 257 522
908 824 519 93 595 459 930 897 24 154 222 285 403 468 761 841 834 597 863 187 408 559 76 624 480
68 899 531 190 631 77 238 274 183 270 680 861 471 974 854 113 57 679 225 969 430 93 248 873 220
139 819 494 83 713 9 822 967 892 150 482 860 944 632 39 86 118 504 811 68 721 617 145 799 668
683 384 103 514 620 573 295 839 21 884 849 8 701 885 572 323 121 62 156 644 430 657 615 536 918
141 719 105 751 494 482 505 373 415 993 967 274 92 69 453 597 735 358 405 173 602 386 693 292 237
525 826 771 460 99 195 542 781 809 767 173 757 435 986 680 891 482 470 421 626 942 631 399 763 392
