25 25
661 713 200 798 716 991 212 978 703 611 898 850 32 869 662 55 468 859 746 296 3 234 138 809 707
789 927 106 182 42 80 43 416 532 570 35 515 803 632 892 312 11 470 545 778 699 800 975 747 937
9 160 876 999 239 605 932 690 91 335 735 424 912 317 485 316 254 756 789 242 465 234 589 831 14
764 186 235 533 25 41 861 144 131 645 940 612 67 864 827 54 307 320 463 886 169 526 883 863 966
867 376 368 895 601 382 974 118 254 584 188 833 507 324 440 689 245 947 543 462 396 909 498 84 728
818 132 160 886 399 139 632 478 726 418 399 700 874 602 480 617 388 754 216 319 939 407 212 474 390
728 788 821 132 906 142 109 947 936 565 597 563 441 71 149 691 444 173 224 47 126 54 877 348 527
400 352 235 561 479 596 17 692 907 273 491 775 304 269 236 983 496 736 974 1 345 330 888 549 820
490 154 833 410 743 603 999 158 389 875 435 946 919 616 974 480 179 757 904 151 941 108 640 424 713
98 265 369 807 760 199 816 433 957 813 442 781 259 184 770 160 362 403 643 294 592 687 730 517 425
142 920 935 722 732 538 863 568 327 200 895 356 326 294 689 762 465 281 738 332 281 658 401 664 739
827 742 88 361 875 475 538 171 224 948 854 839 884 316 855 735 715 193 487 358 665 696 968 874 827
873 815 491 911 902 560 274 351 845 822 767 643 94 675 555 634 620 863 914 819 370 351 195 419 329
162 877 563 363 45 260 687 878 853 536 474 108 580 74 145 822 643 303 963 218 196 795 35 293 892
143 393 184 269 750 427 720 202 226 686 135 871 846 473 47 757 991 20 221 664 791 362 134 420 445
452 9 590 494 697 135 249 832 378 16 546 750 252 528 136 491 838 687 346 431 680 432 534 978 474
45 255 527 91 574 8 153 3 101 687 76 14 32 181 11 225 828 146 74 622 878 430 910 899 630
592 418 266 156 887 175 555 228 428 356 209 327 282 22 107 432 78 574 358 24 809 546 53 914 286
712 18 546 341 437 821 91 979 407 93 64 619 190 150 476 497 967 521 867 928 50 563 281 195 358
59 990 681 715 814 748 385 983 826 575 855 341 187 355 255 417 610 792 375 633 98 298 256 497 102
430 255 62 745 717 546 389 298 367 285 281 393 71 100 45 464 542 912 538 741 215 331 574 709 949
374 762 796 794 3 582 287 194 985 152 529 734 334 857 658 614 75 779 317 677 245 185 75 271 744
446 625 322 146 540 287 132 923 450 766 425 972 127 304 335 492 322 717 507 853 882 995 836 825 552
235 152 253 862 153 899 553 803 652 301 438 19 985 234 615 912 900 211 383 7 375 766 343 172 318
832 144 845 316 951 270 876 146 455 745 372 520 174 745 363 234 101 116 579 546 935 782 123 652 790
