25 25
459 725 941 683 380 573 473 725 748 26 293 909 605 28 826 684 116 304 968 633 186 9 514 378 273
412 266 63 792 685 892 797 650 102 702 9 283 494 690 847 401 895 959 132 873 246 153 44 76 93
668 722 160 367 627 206 132 694 784 426 811 731 557 717 731 240 800 254 123 647 646 549 742 525 647
231 745 114 996 703 441 519 518 25 984 611 289 885 524 873 502 855 784 121 136 843 517 288 260 330
775 156 809 531 496 295 570 513 26 147 499 647 26 63 573 785 803 697 830 578 914 949 6 945 809
500 555 199 629 967 655 978 269 437 274 478 796 992 13 338 790 250 657 152 691 229 224 25 147 62
686 997 350 381 153 938 73 514 721 180 241 361 654 852 821 520 96 530 816 103 794 44 683 942 167
420 418 115 649 421 149 701 792 876 539 804 94 552 554 882 659 485 645 193 17 204 579 439 326 998
182 960 658 803 907 920 549 120 120 816 178 773 496 868 811 764 52 694 17 108 19 37 509 493 317
732 210 123 931 513 334 87 33 68 639 559 638 200 577 147 937 11 628 604 640 710 184 875 486 547
397 725 170 165 131 431 676 816 728 931 578 201 486 720 545 49 17 35 554 926 472 254 939 678 690
493 277 984 233 595 78 658 284 787 21 119 547 527 805 423 878 22 122 240 339 402 208 613 719 947
709 981 354 124 124 199 135 995 547 60 120 760 193 310 686 97 899 327 200 112 968 214 978 752 232
681 231 836 339 841 766 11 258 219 5 478 925 355 405 151 580 800 180 124 180 846 2 64 459 578
769 636 706 256 192 158 121 59 187 384 440 150 369 228 616 123 297 93 153 617 749 407 840 773 236
298 908 435 588 226 656 663 273 318 519 149 220 756 957 265 33 381 401 82 168 722 687 370 734 868
469 995 60 852 905 415 702 808 432 305 742 64 365 587 123 466 979 379 768 56 274 881 32 218 130
889 555 391 581 858 861 191 341 564 305 118 492 308 55 607 137 591 742 288 64 1 282 544 769 876
747 306 610 489 482 914 382 661 64 639 97 109 458 137 398 190 213 288 776 3 621 448 482 996 426
229 451 458 952 716 320 224 727 786 775 303 747 889 621 467 718 594 732 513 660 305 96 309 278 597
590 783 882 98 612 999 457 537 538 984 184 936 894 747 181 257 583 243 48 757 646 321 552 406 705
405 246 695 429 717 391 649 194 144 318 316 436 848 94 639 763 623 511 39 874 744 273 313 272 997
944 262 695 356 369 330 915 592 783 962 300 25 455 325 567 405 918 251 904 111 288 142 215 295 903
186 845 139 973 981 253 266 98 739 356 926 544 61 64 686 237 337 938 602 388 134 165 305 223 204
16 11 824 284 118 559 437 506 335 752 340 0 722 660 314 697 845 700 368 410 392 799 564 853 84
