25 25
521 208 232 356 712 965 655 743 138 110 973 618 623 258 942 912 275 754 73 999 968 241 982 622 966
930 221 103 553 15 281 60 326 39 943 374 617 316 871 994 703 133 707 42 966 828 284 365 160 208
226 515 454 926 957 640 418 80 754 572 370 220 662 366 68 245 950 572 197 894 8 771 716 148 715
642 334 587 912 661 426 487 577 102 770 402 219 351 889 291 949 644 942 360 992 247 67 258 428 929
869 498 180 323 118 946 543 108 597 216 928 116 315 0 85 861 50 731 193 362 870 86 619 937 187
417 512 223 653 732 608 366 287 751 588 116 746 929 944 680 382 324 123 614 74 530 551 774 499 101
207 579 567 37 618 512 404 62 146 444 301 996 28 342 205 256 575 50 319 885 573 877 430 598 364
512 708 431 191 5 743 388 326 385 684 213 249 469 619 165 29 798 465 205 278 930 605 784 800 135
22 393 339 953 778 976 196 239 518 332 502 158 373 455 372 428 986 212 28 999 910 6 758 587 411
922 489 481 826 936 496 775 796 139 277 196 533 896 369 180 126 874 402 711 348 668 396 318 240 561
701 467 266 470 567 541 810 953 885 174 503 767 70 738 93 841 460 357 450 364 986 145 180 480 162
832 101 344 79 40 457 25 138 203 231 893 445 893 245 470 412 966 429 330 629 810 376 590 962 117
515 415 206 782 523 53 0 255 959 738 386 142 51 337 544 722 805 437 890 993 375 664 169 847 504
814 530 986 335 367 493 403 231 709 541 704 194 624 447 567 13 283 638 981 79 431 904 812 50 199
228 661 450 348 967 184 59 984 6 633 557 37 38 3 589 401 904 718 401 417 548 152 182 266 164
160 368 138 786 342 863 907 993 381 752 236 450 347 213 95 797 350 33 672 585 734 904 530 783 739
359 416 502 44 204 169 898 97 518 497 191 223 55 549 436 389 532 238 172 795 454 120 333 953 371
739 71 785 240 693 592 832 634 664 203 244 475 631 785 467 322 415 735 34 655 452 234 907 834 508
606 987 819 67 469 453 471 140 392 708 939 154 357 715 348 272 229 765 614 323 770 565 84 693 609
144 397 121 641 818 401 341 682 753 32 410 427 475 284 677 669 607 172 685 182 713 55 831 783 389
313 750 310 677 932 878 906 484 89 493 883 629 886 507 316 509 308 994 358 265 225 214 810 420 409
52 933 309 826 50 691 313 381 150 381 171 21 993 639 664 960 656 899 170 607 758 938 455 463 283
796 928 397 483 666 265 53 985 192 53 632 328 63 686 496 261 255 140 713 828 855 102 819 825 371
101 138 817 802 507 554 222 824 5 793 357 579 680 882 415 546 86 84 632 491 555 970 660 218 752
491 810 685 625 682 815 858 225 896 22 680 795 787 419 749 796 968 555 434 599 7 432 66 84 367
