25 25
304 726 197 639 60 492 378 309 978 492 498 974 303 865 528 447 68 523 826 620 27 771 125 554 113
720 924 707 445 489 605 121 49 695 886 440 925 450 391 551 926 757 798 617 65 341 878 125 5 289
97 269 215 23 959 870 617 409 882 109 114 171 419 387 989 164 594 194 169 585 762 556 676 590 282
311 632 669 355 85 385 727 636 366 725 87 38 868 315 388 221 41 237 856 97 432 934 575 415 80
515 609 5 682 519 532 300 800 600 551 636 519 627 347 716 924 31 690 987 976 708 669 930 700 643
37 756 155 428 50 522 425 589 801 556 895 328 669 497 381 251 357 718 312 200 279 744 140 6 12
69 570 386 352 444 104 428 702 478 575 332 484 887 694 184 763 304 955 257 294 8 846 723 503 262
190 942 104 319 461 935 17 541 73 764 796 837 638 909 920 169 436 299 420 524 686 397 548 883 741
658 552 814 286 868 121 329 380 44 221 303 443 83 688 891 319 103 696 498 273 378 864 147 550 109
929 634 941 62 543 485 189 65 261 826 643 810 303 521 643 222 189 934 931 90 286 323 618 739 182
701 612 241 145 238 999 260 198 176 535 144 889 912 992 942 498 549 188 759 592 471 506 846 729 27
489 242 669 579 758 681 393 458 149 959 89 326 454 950 890 991 946 796 344 349 590 556 770 31 627
254 36 819 313 577 934 134 872 810 527 37 4 434 939 525 209 15 223 157 334 890 910 38 584 253
359 106 671 982 90 471 128 203 60 383 115 142 573 418 30 698 258 153 732 446 944 345 288 52 951
322 297 996 677 361 535 985 331 248 739 310 541 444 259 87 181 592 863 862 591 328 669 834 695 794
467 561 173 714 579 284 785 893 541 734 463 272 826 770 820 864 498 860 390 792 853 630 859 476 923
854 298 970 395 938 963 568 612 779 443 605 486 160 681 799 104 319 356 662 384 624 394 31 697 11
499 97 40 522 761 686 460 861 500 942 113 891 290 150 147 935 510 82 119 361 23 953 359 223 694
354 318 201 718 33 959 30 669 573 277 440 293 838 46 440 117 3 238 702 345 57 710 114 92 466
345 501 369 593 179 656 294 778 413 980 145 351 369 91 996 395 418 222 270 8 650 784 774 72 117
949 883 495 894 236 879 813 169 244 463 199 393 386 167 917 541 680 124 547 900 728 805 572 856 242
562 634 292 796 274 545 887 176 709 769 8 37 184 749 271 410 528 409 986 380 730 345 807 780 363
799 539 927 178 841 295 186 409 667 590 153 370 125 555 409 419 626 801 596 198 970 314 336 136 259
496 877 66 583 678 12 806 572 841 818 771 369 447 991 377 945 651 935 190 229 564 140 279 99 85
236 338 110 554 836 649 240 559 522 231 146 227 1 395 439 38 980 430 725 517 907 289 116 709 52
