25 25
378 855 341 662 498 382 553 935 403 78 493 113 494 35 215 437 437 165 31 792 439 122 462 456 302
612 492 750 811 786 934 241 395 881 740 234 79 104 394 186 608 168 244 91 695 212 987 639 594 230
376 35 764 244 893 913 124 34 505 238 548 141 978 678 696 448 610 469 475 325 240 29 18 571 835
116 221 494 936 406 906 715 90 650 20 623 899 692 794 244 232 929 801 789 454 130 71 357 899 314
894 160 492 749 65 320 678 20 770 465 705 794 83 747 734 788 495 553 205 304 989 481 549 591 143
544 846 227 881 610 582 350 893 727 258 179 377 802 417 275 967 476 523 186 978 505 860 144 944 499
383 705 891 746 402 63 44 290 304 590 601 297 548 809 849 932 642 54 976 323 455 982 473 308 851
823 669 101 592 9 385 107 538 267 139 382 745 49 741 174 431 648 942 848 727 230 877 447 85 220
754 39 933 736 82 122 803 944 184 690 741 484 690 531 57 970 385 649 105 555 958 51 671 179 734
382 808 473 887 645 60 439 699 299 177 414 563 86 636 482 845 765 41 797 527 534 375 134 854 171
777 908 179 955 198 742 522 34 189 519 828 563 789 19 939 703 552 15 384 194 384 316 614 659 66
262 75 446 117 631 324 170 3 839 401 776 260 287 758 30 752 310 290 467 675 902 325 741 466 342
218 839 434 640 22 722 952 861 211 934 808 972 391 584 875 476 99 252 632 668 427 496 952 412 428
200 726 664 491 299 615 204 466 361 450 598 978 706 663 543 344 839 690 625 17 972 302 712 158 926
993 636 724 117 872 166 210 150 305 741 963 220 232 409 585 543 970 367 502 696 345 343 862 468 77
590 541 432 550 481 259 507 74 791 5 429 69 183 222 59 968 633 226 316 255 514 144 179 0 141
292 548 571 268 701 622 131 532 999 793 130 487 13 419 792 535 522 785 53 658 528 920 879 137 515
439 181 966 600 878 183 370 52 223 518 168 539 985 826 245 382 811 87 392 854 640 308 65 317 748
209 520 120 713 286 500 773 401 510 120 859 931 843 387 654 572 850 177 78 436 521 67 885 188 528
854 898 180 257 694 39 163 375 736 77 486 746 951 463 180 215 436 513 293 797 390 945 368 991 753
203 293 525 292 733 226 829 865 642 993 833 988 41 470 298 866 114 662 529 906 196 918 801 147 178
153 709 467 754 31 418 852 568 838 48 466 114 853 867 141 193 291 724 860 928 655 415 15 811 691
962 827 677 899 657 431 169 384 585 967 266 759 492 850 200 110 236 155 932 700 822 19 195 611 7
652 447 4 648 78 549 474 597 876 46 787 613 497 86 689 647 391 540 639 637 24 267 216 453 294
614 287 905 597 929 581 742 616 46 800 663 312 574 319 424 682 350 616 687 765 488 15 533 119 117
