25 25
669 20 663 638 180 628 799 371 186 643 461 382 120 701 508 264 907 666 371 761 574 218 488 321 36
437 864 739 215 981 659 713 202 200 716 413 336 595 230 775 310 152 771 790 788 642 677 947 501 631
75 913 709 476 868 303 374 912 740 94 712 344 515 268 927 584 630 424 813 607 827 571 17 754 18
631 952 370 695 2 995 593 401 578 385 734 875 861 700 166 283 165 734 199 166 932 476 48 696 846
194 611 353 209 14 130 501 840 528 499 445 357 57 89 253 613 496 802 224 246 270 600 326 549 775
571 165 843 519 416 43 947 991 915 854 829 880 32 532 547 8 93 511 952 792 620 438 346 103 507
51 817 717 879 673 220 890 313 755 187 438 18 690 5 442 656 918 249 25 325 791 647 353 712 668
996 178 752 337 62 620 697 678 895 838 809 938 475 23 186 643 683 173 768 186 356 430 99 731 777
784 603 461 51 15 326 397 549 541 858 173 132 884 968 668 623 525 736 763 498 514 105 796 344 71
327 14 602 965 704 262 973 115 554 290 805 421 945 124 742 620 94 555 799 720 866 0 91 140 104
814 335 907 899 544 794 620 334 563 323 877 306 959 840 483 104 253 833 4 226 294 246 746 565 829
773 563 848 49 193 311 438 697 706 336 372 442 97 260 374 259 825 599 50 501 643 640 269 396 398
195 229 449 193 36 651 358 788 696 501 67 958 853 986 843 452 315 941 442 932 454 116 794 372 459
753 490 913 372 952 552 462 985 572 373 671 41 67 960 735 619 162 101 579 295 380 417 649 273 151
760 775 700 2 73 2 396 812 197 872 776 910 958 971 994 596 680 890 476 589 130 584 585 671 326
56 563 962 91 129 508 819 130 222 253 279 495 175 268 86 608 619 858 824 102 582 83 112 959 987
349 554 88 878 540 340 61 922 34 675 374 42 861 727 740 952 700 244 575 452 982 114 874 178 737
178 465 713 300 145 906 859 992 921 849 603 604 454 315 207 896 814 985 844 377 471 236 59 437 999
466 71 879 841 894 252 240 205 402 371 105 698 226 914 100 277 748 841 967 392 126 654 743 355 412
818 748 927 689 14 795 345 591 40 216 715 703 799 565 661 206 548 592 464 820 358 820 640 35 1
459 245 966 87 853 868 21 310 299 997 570 292 574 598 975 745 583 126 868 119 337 943 410 945 832
993 269 639 912 294 580 703 349 533 258 559 306 609 60 51 316 462 98 773 731 515 652 944 306 368
75 835 569 655 765 116 934 573 818 768 891 120 844 764 579 888 23 578 591 386 19 507 454 32 762
947 16 228 417 944 5 387 286 31 663 477 777 506 609 584 316 582 758 936 516 676 949 363 339 330
225 410 19 298 403 255 407 977 614 640 97 534 7 809 199 532 308 890 76 248 228 785 379 474 667
