25 25
710 598 230 33 962 329 562 727 144 107 778 52 591 620 948 66 721 181 974 642 346 290 322 669 738
599 250 765 128 251 435 575 898 180 999 820 744 335 184 312 28 955 546 407 939 605 43 670 184 950
226 560 988 864 643 886 494 308 598 513 94 669 564 923 459 52 329 52 27 695 667 120 290 321 729
945 521 72 368 51 401 844 303 734 140 299 17 619 586 997 274 570 612 841 70 841 172 235 362 751
736 483 591 474 194 745 622 990 789 885 225 907 31 413 371 435 923 12 514 756 169 350 403 556 283
721 82 234 902 461 654 41 203 557 419 958 210 269 490 43 800 660 796 169 790 410 229 3 680 791
390 584 828 435 806 257 616 609 223 924 407 45 491 208 240 981 354 672 531 296 507 956 11 341 436
894 809 707 671 875 905 743 851 213 141 976 244 609 374 775 943 244 904 658 13 587 172 614 585 551
510 160 28 828 582 68 373 770 128 85 635 465 3 680 527 601 936 589 34 706 813 957 103 159 432
671 976 435 941 332 885 332 537 159 571 554 250 484 779 112 601 514 468 819 160 276 988 402 570 791
575 362 936 779 93 514 160 897 836 210 939 982 345 261 782 487 847 589 184 604 112 247 174 591 383
664 315 520 340 440 54 984 675 397 949 26 649 829 119 37 554 195 927 962 448 336 713 521 666 652
676 462 24 220 726 570 260 498 453 913 814 57 324 174 597 419 699 79 988 849 919 716 440 478 862
191 609 157 675 570 467 261 886 858 915 610 326 27 916 510 670 246 673 61 990 243 339 630 797 816
20 832 832 534 592 846 383 57 47 686 125 716 432 451 293 225 512 464 145 610 980 719 657 694 249
332 630 286 955 633 362 90 535 218 654 99 223 350 680 68 734 695 199 51 837 22 763 855 859 478
641 582 724 74 21 767 224 975 442 994 517 592 52 209 325 976 875 204 68 144 912 188 424 649 333
326 440 924 936 339 324 720 894 906 114 377 133 928 554 323 76 809 443 361 129 710 517 309 977 81
465 758 507 275 901 607 1 321 135 247 784 277 412 626 341 992 737 542 672 651 61 942 604 117 401
148 955 204 768 461 409 291 335 559 403 632 529 955 221 141 909 323 787 241 277 544 854 365 229 168
513 840 516 453 913 372 903 768 385 578 455 25 193 282 312 631 187 6 163 821 221 578 116 988 972
701 915 351 97 870 497 489 389 632 442 339 199 642 81 543 429 51 230 518 773 430 685 896 293 166
379 496 839 875 48 595 860 956 151 146 548 72 745 328 955 577 461 330 952 16 764 884 986 944 658
107 810 339 355 762 666 653 453 128 798 990 749 441 179 298 234 131 54 81 94 795 404 50 609 748
986 785 428 586 225 184 949 934 125 706 797 839 847 6 46 359 399 480 565 190 450 575 344 686 463
