25 25
343 249 914 833 676 365 416 685 754 349 860 254 813 405 460 572 675 475 494 737 516 695 531 971 237
519 541 302 907 233 281 884 482 350 227 221 120 562 385 505 73 615 248 777 150 969 543 564 70 358
373 220 468 887 808 253 722 550 874 345 852 307 480 834 868 750 149 672 199 49 953 857 217 628 317
807 705 728 923 963 736 658 691 468 725 510 600 379 387 73 407 254 273 501 735 288 195 537 997 166
115 388 528 311 345 159 598 510 591 237 27 570 74 875 458 897 777 882 611 75 225 443 843 899 666
45 714 694 451 837 742 847 540 872 794 345 542 457 484 15 124 729 996 764 483 858 500 960 35 643
898 579 794 356 922 925 278 533 803 466 969 451 305 590 443 163 784 9 341 844 479 151 96 210 904
384 335 273 812 915 754 107 626 566 888 956 349 338 145 336 238 417 694 29 372 173 839 458 53 663
225 386 834 121 678 792 113 348 123 859 750 817 639 677 981 492 103 817 454 479 344 650 963 888 264
311 992 651 352 378 790 97 695 646 889 981 603 668 772 645 955 540 140 146 793 313 283 802 861 5
517 70 708 899 74 584 916 872 385 292 191 996 735 54 161 836 846 733 531 617 266 99 365 851 274
538 415 576 538 86 901 219 412 16 965 447 629 637 71 43 727 208 739 691 280 98 183 353 971 870
774 997 837 590 641 611 590 512 195 233 947 45 72 203 878 708 572 670 49 101 578 98 416 396 428
921 690 365 711 594 787 782 865 524 851 477 492 791 612 53 445 393 586 434 684 581 403 687 159 230
55 761 650 822 455 624 401 651 22 87 269 234 961 876 126 150 546 625 47 577 920 641 648 443 312
704 441 784 269 614 676 677 905 526 720 147 160 62 115 98 173 788 380 666 861 392 972 468 993 55
733 818 633 480 647 61 848 919 339 386 490 705 62 431 358 895 999 708 320 121 993 15 540 818 20
225 492 394 595 808 368 137 546 575 407 256 668 695 659 670 982 656 654 538 90 499 439 92 209 996
807 930 58 231 647 249 631 814 479 547 589 363 685 354 809 334 661 425 877 451 960 229 568 318 461
37 351 994 760 425 719 165 257 787 973 83 174 279 37 239 512 424 827 84 498 861 514 323 196 705
521 689 232 513 789 391 20 408 193 731 831 995 110 459 246 126 972 283 549 479 302 749 805 562 438
367 218 316 887 484 537 675 725 934 825 135 381 884 829 145 94 883 277 329 631 667 391 767 630 945
485 637 579 346 725 132 904 83 14 973 598 338 851 988 818 888 328 647 849 37 390 754 720 38 388
375 418 855 381 555 180 299 167 572 693 504 370 146 911 617 638 807 71 930 298 752 892 710 834 539
680 602 629 152 669 798 776 366 218 646 703 210 179 541 548 993 442 907 217 26 404 453 116 952 758
