25 25
262 99 531 836 992 156 954 141 90 264 520 223 253 669 211 294 734 126 728 998 255 101 985 299 521
561 813 966 866 735 469 77 389 277 395 416 896 299 259 6 735 366 497 913 34 606 717 992 34 947
804 863 143 602 659 492 679 553 761 482 646 656 91 100 333 339 928 354 638 949 907 244 576 739 415
474 131 13 904 21 812 572 673 291 954 11 249 735 259 715 340 129 502 578 351 364 676 492 617 970
428 220 285 11 659 449 383 913 169 428 558 54 890 249 690 1 319 294 294 12 280 809 298 354 33
998 405 738 932 995 111 402 534 104 832 753 81 110 332 946 570 621 918 52 536 297 665 649 880 79
453 317 682 831 281 675 702 975 332 238 553 850 422 646 471 55 219 840 352 23 895 134 694 191 170
546 847 72 620 722 6 899 397 302 429 246 924 561 61 16 350 789 666 722 167 886 912 822 909 690
326 409 970 305 734 233 299 463 156 340 793 415 961 488 956 211 699 561 818 670 901 222 264 244 407
672 951 847 653 762 156 169 76 421 32 697 498 58 242 880 927 979 68 314 435 229 300 480 255 367
286 726 157 74 865 487 847 225 847 488 370 554 564 54 509 19 601 301 990 264 453 389 489 984 976
118 419 709 171 202 14 434 926 365 300 958 273 413 540 812 30 718 860 496 915 808 144 929 697 420
883 612 538 890 154 766 704 479 150 919 758 490 477 562 927 229 56 139 992 162 844 663 472 168 215
405 933 382 389 269 229 886 155 963 883 837 737 71 981 873 200 110 594 696 73 22 975 631 283 346
551 942 701 641 460 691 100 307 421 413 806 87 742 547 377 604 220 712 496 413 893 793 645 987 821
200 649 181 803 514 571 916 966 98 528 684 515 338 223 566 943 310 674 273 37 56 546 377 41 157
264 508 260 300 224 508 531 812 940 143 6 666 272 49 652 179 978 275 542 3 864 384 803 943 978
79 913 414 220 758 330 1 927 194 649 529 999 322 944 81 786 649 789 38 188 972 446 757 233 294
69 725 337 736 566 301 365 969 580 343 915 962 10 767 849 210 554 106 770 791 945 497 783 481 276
153 593 339 468 286 404 89 322 48 632 612 160 996 866 196 426 442 9 282 732 208 499 92 907 534
567 749 398 636 750 780 681 20 515 865 854 413 309 165 917 851 268 483 879 622 985 81 378 872 609
955 907 400 747 823 654 940 566 524 998 613 241 356 331 426 771 435 366 525 716 751 3 904 452 993
834 556 780 598 89 202 552 382 540 185 520 410 939 426 602 284 327 953 565 74 149 105 263 972 401
10 107 162 557 15 117 747 922 157 68 434 999 205 481 465 528 61 679 326 122 914 594 369 61 425
844 503 647 950 165 753 391 0 128 37 110 804 239 962 233 929 177 367 360 213 506 444 403 849 443
