25 25
952 267 660 205 181 21 131 877 941 802 191 468 333 54 201 31 427 366 209 160 572 472 46 25 571
321 275 524 202 823 44 554 902 91 428 956 855 397 179 759 295 758 127 568 44 605 201 195 691 863
337 797 732 796 741 373 164 490 658 731 781 575 712 735 872 82 489 439 177 745 59 5 137 996 495
614 990 944 603 410 571 764 196 549 497 97 114 396 671 687 920 574 467 730 373 56 166 190 857 180
835 616 189 546 571 987 111 913 671 660 354 335 635 34 558 994 324 489 794 568 422 390 504 566 726
502 441 939 837 93 682 145 393 391 493 548 794 979 970 330 287 849 511 363 413 326 548 813 359 911
65 431 311 846 152 898 43 808 293 189 755 922 224 897 157 800 822 192 457 470 377 379 146 321 17
429 336 77 862 548 905 966 897 249 976 38 130 212 358 511 907 410 779 386 527 173 436 986 836 896
131 689 725 151 141 452 802 297 942 783 415 71 203 57 473 441 595 153 2 187 515 372 461 232 381
519 549 542 222 208 243 430 163 213 658 772 551 7 756 284 809 230 396 740 96 850 583 466 125 975
5 391 120 199 633 596 103 782 851 711 384 403 789 839 652 588 331 451 42 572 908 484 704 151 589
152 385 888 616 416 176 465 791 505 443 114 372 27 214 34 669 181 394 152 123 405 881 266 47 54
105 760 880 198 425 665 173 882 73 559 581 188 821 761 473 688 145 795 302 662 440 341 555 39 779
634 462 265 310 125 810 271 295 171 938 875 773 682 4 172 705 935 928 636 410 318 932 885 98 298
909 672 354 592 30 362 260 197 381 552 751 11 979 475 27 195 823 416 164 864 212 76 401 57 533
429 374 253 888 370 812 767 497 657 480 936 628 760 677 604 394 195 158 308 628 893 854 989 537 739
405 421 126 811 953 928 792 668 384 188 555 343 240 52 180 832 735 720 736 8 546 438 174 957 2
592 266 836 329 148 64 255 146 553 648 935 161 353 517 147 494 365 121 463 149 496 390 244 94 250
903 270 847 575 248 772 799 735 651 277 33 628 646 198 863 846 911 699 910 821 750 344 188 534 725
617 426 200 756 370 707 360 197 364 520 496 724 686 251 820 847 317 718 930 156 767 376 443 464 180
873 729 886 932 448 629 681 463 257 787 568 472 51 603 422 860 360 561 463 779 229 786 95 693 267
237 39 120 565 421 86 623 390 789 603 478 982 442 822 842 593 255 319 870 729 211 219 460 697 785
43 948 802 217 499 790 878 310 179 503 847 200 939 153 739 607 243 321 237 773 843 752 376 124 461
93 162 614 917 988 88 186 588 988 598 279 924 722 814 607 274 726 588 183 161 368 218 219 556 560
517 568 54 260 242 688 484 873 716 293 966 117 761 650 619 337 634 194 423 648 271 19 963 462 202
