25 25
819 755 857 963 863 240 505 290 205 418 476 880 911 253 193 445 921 835 613 16 940 898 792 385 486
318 323 670 246 929 555 858 88 381 663 853 474 839 608 923 772 576 196 146 404 910 401 830 490 457
110 232 268 703 805 477 248 762 732 340 297 624 790 601 978 471 633 490 176 282 773 545 591 387 532
640 647 138 686 924 725 806 593 396 252 473 454 664 311 180 930 807 279 310 824 579 282 688 22 185
256 676 158 149 780 858 252 36 266 682 663 566 781 854 558 587 700 777 920 674 115 751 760 679 423
779 659 386 93 440 270 695 947 425 19 555 547 104 765 384 497 999 651 459 443 195 262 392 267 389
201 554 314 402 566 650 898 666 363 376 862 649 695 342 102 999 228 868 93 175 261 170 831 41 445
496 492 594 484 222 445 819 6 187 210 239 934 711 952 106 381 101 942 583 789 29 405 565 156 733
254 782 856 967 248 26 226 206 543 53 260 868 134 319 551 276 582 31 257 399 176 3 837 946 227
939 122 595 700 15 853 749 852 956 458 92 437 645 254 261 289 772 63 717 129 20 523 167 949 396
770 532 921 930 897 944 814 869 890 321 470 415 344 567 630 943 990 338 593 484 168 304 303 829 862
817 348 424 160 226 220 262 878 942 981 896 440 444 998 26 989 526 393 173 932 681 718 18 167 208
892 843 278 80 318 882 521 701 932 713 242 689 180 62 757 569 243 780 487 936 447 963 285 349 220
75 788 142 802 421 404 370 552 105 268 232 24 768 41 86 478 154 829 469 993 394 232 768 472 781
694 907 381 707 453 756 120 280 431 21 578 583 891 350 379 571 194 733 444 484 900 958 394 783 98
242 685 614 984 243 693 798 983 885 790 613 918 239 74 853 747 745 395 649 120 480 287 400 777 574
40 970 386 837 639 532 57 29 881 415 774 486 458 922 707 325 978 244 740 519 852 905 112 835 298
100 573 564 576 128 486 710 574 884 255 769 674 790 995 217 913 410 99 58 167 362 54 981 77 429
273 679 619 61 126 918 836 100 86 133 101 340 292 553 795 413 996 459 391 218 916 723 625 550 17
837 79 479 229 983 653 704 107 999 346 431 733 403 418 471 935 829 497 981 678 157 125 19 555 438
1 532 830 614 704 947 186 461 828 945 203 249 815 106 282 22 890 787 221 230 78 409 555 999 319
638 395 574 398 417 634 982 723 831 572 202 194 764 242 944 775 773 531 360 507 51 847 371 696 300
753 683 284 108 358 114 812 985 835 870 425 640 667 165 510 10 52 255 684 520 927 387 409 718 662
750 954 156 901 725 927 323 323 120 282 275 529 429 133 706 412 338 687 154 810 749 669 430 895 122
779 101 968 186 578 153 55 635 330 933 174 903 450 396 780 246 346 919 423 796 419 720 795 880 200
