25 25
311 266 452 746 543 867 409 68 291 310 792 576 406 64 914 204 495 2 662 424 516 799 677 851 316
137 855 854 67 637 454 909 107 360 902 696 739 898 781 379 734 611 87 436 894 349 184 415 770 928
277 480 487 447 570 185 938 25 179 824 109 787 736 502 682 89 406 992 34 257 924 300 365 595 913
136 588 136 287 279 386 474 4 361 499 563 909 887 508 766 690 47 82 663 424 356 278 839 924 473
280 806 334 895 423 693 142 819 296 285 422 83 535 946 342 576 549 607 886 922 440 805 252 35 16
191 772 322 964 481 150 62 549 306 675 697 908 277 125 576 412 603 450 215 676 839 59 285 13 427
384 155 235 519 993 563 311 319 274 557 816 631 532 461 609 629 183 461 561 163 419 109 989 305 234
577 662 125 709 385 24 6 456 715 705 323 951 690 886 825 119 986 190 440 927 320 648 697 835 250
212 372 210 501 576 889 914 84 653 90 194 638 666 590 301 973 528 43 93 615 89 352 571 15 103
276 867 927 580 808 964 461 565 702 12 504 491 651 349 58 843 506 876 690 22 521 382 527 91 700
346 374 91 783 374 83 770 714 451 550 12 117 801 653 785 587 771 39 668 549 962 16 546 415 579
115 648 122 822 595 273 159 362 429 706 500 676 135 581 275 614 877 297 282 200 318 457 475 266 245
697 436 542 871 585 115 709 234 187 254 48 707 176 216 249 70 586 217 7 992 138 442 753 408 550
914 584 327 863 574 98 681 631 559 994 831 188 249 338 315 60 178 636 32 560 495 382 865 894 397
288 434 986 351 233 727 525 265 707 824 471 379 770 8 816 93 65 119 833 585 126 574 775 38 222
138 280 471 865 906 19 209 536 695 383 289 478 118 261 455 131 933 669 594 159 957 782 268 32 185
770 509 320 114 916 580 25 609 659 594 294 567 263 538 839 255 862 379 291 413 142 81 315 526 175
654 418 340 380 92 376 260 701 269 737 262 472 482 100 516 899 930 120 495 409 714 561 225 555 304
406 691 777 37 400 707 878 466 450 886 412 615 55 14 809 580 650 566 395 118 839 906 167 519 568
319 48 438 879 424 974 717 979 458 944 873 990 508 947 698 689 436 135 377 376 46 119 913 258 58
144 555 639 165 734 924 797 712 449 441 469 370 8 220 608 215 703 511 751 823 215 499 514 464 653
933 595 295 938 256 86 805 613 263 350 780 876 27 161 949 987 36 391 854 21 939 84 552 953 320
575 741 934 895 959 784 455 832 60 154 274 737 359 600 291 260 846 913 251 517 526 476 392 759 29
214 569 168 390 405 696 45 702 423 512 421 77 768 630 254 971 411 225 242 12 633 985 315 666 921
906 60 571 37 628 883 340 778 1 544 611 561 523 380 974 290 263 871 43 844 950 455 315 455 290
