25 25
228 500 34 794 968 550 152 109 374 583 522 748 171 546 178 231 258 598 857 796 746 232 338 369 541
659 11 786 264 856 852 583 166 146 518 272 822 102 629 278 572 922 479 201 821 946 226 824 822 368
432 198 941 403 833 945 445 86 736 623 301 736 318 380 14 608 8 547 640 651 416 805 899 144 858
656 353 682 981 704 633 314 985 30 316 337 413 54 279 714 281 261 933 499 374 156 919 685 55 595
12 455 694 13 53 498 346 96 528 304 754 553 178 336 192 938 159 260 845 775 246 112 604 594 387
597 624 178 658 659 872 402 683 358 295 424 469 451 345 213 43 297 749 765 642 242 975 287 703 981
59 240 767 251 685 798 103 484 847 789 724 44 214 735 190 232 67 99 941 204 77 230 957 641 494
291 956 666 770 497 848 717 403 603 396 275 827 875 849 424 187 870 313 229 949 831 603 647 453 144
119 430 806 824 836 581 711 687 837 439 57 804 420 631 58 806 319 227 496 50 422 272 540 484 731
824 151 760 334 349 467 675 530 281 333 704 509 687 786 255 952 327 106 861 220 149 339 14 900 51
101 308 659 503 756 107 571 577 68 166 880 175 217 31 774 429 376 826 29 287 288 158 403 839 411
152 966 237 975 123 181 738 426 146 507 512 422 453 220 318 227 503 481 813 911 786 501 872 567 812
495 120 650 200 85 747 589 646 887 936 410 567 91 547 970 717 47 375 338 797 197 646 747 935 388
951 507 581 960 85 27 15 802 718 598 958 655 799 973 984 996 985 319 859 319 397 612 428 604 122
878 72 249 824 389 989 99 111 142 309 271 348 674 541 352 749 514 232 582 166 493 981 572 411 24
244 377 945 895 30 210 502 715 833 245 548 729 571 372 528 650 760 727 326 535 452 10 414 170 379
503 525 581 394 249 536 648 208 635 10 217 181 130 232 768 67 48 589 368 462 540 3 863 580 830
308 486 543 777 852 33 56 220 865 692 796 700 113 527 47 621 954 734 102 368 281 376 14 697 604
497 219 579 764 617 218 340 31 103 778 816 836 146 68 515 845 252 455 948 372 245 260 695 505 730
928 221 859 739 180 781 263 423 114 442 511 858 714 669 909 265 398 246 81 163 932 861 752 797 752
139 420 916 321 638 422 80 686 49 736 369 235 319 647 609 384 807 766 306 970 766 590 394 200 157
856 41 986 465 133 966 140 781 756 603 686 972 316 429 67 255 351 741 655 777 93 962 745 25 705
808 405 623 275 317 110 154 856 960 379 53 405 889 514 415 470 164 477 90 936 550 464 169 914 589
179 263 560 615 779 549 899 369 13 169 447 973 269 625 323 654 872 795 317 210 938 736 416 948 420
808 900 622 150 113 859 133 442 494 319 909 923 994 52 99 946 235 617 109 305 598 620 519 63 366
