25 25
283 725 431 281 25 403 650 971 73 670 973 528 999 201 945 30 831 49 699 768 828 404 226 815 976
54 268 976 388 703 825 713 616 132 383 292 185 990 411 575 337 350 420 801 639 26 26 291 60 354
1 216 448 859 501 512 315 163 93 268 805 740 394 485 881 108 40 551 40 796 767 545 734 346 745
320 581 28 315 908 372 824 762 535 591 344 722 963 568 236 815 131 260 103 265 962 596 421 442 579
368 564 438 816 957 129 187 455 562 96 147 582 544 775 473 213 453 70 738 860 222 20 508 151 583
943 228 110 429 155 687 279 41 683 596 426 635 449 543 177 34 558 271 233 41 921 336 463 695 978
761 116 341 830 555 902 150 667 22 525 801 539 230 678 933 125 119 954 943 298 59 580 387 663 424
539 676 982 118 854 416 515 62 617 831 720 987 997 758 646 424 590 953 706 699 920 655 828 492 900
540 219 137 190 326 162 5 552 585 990 280 666 226 276 775 636 272 987 808 286 808 695 54 17 591
738 17 459 902 705 830 527 747 401 260 187 84 444 524 469 270 738 24 345 201 17 916 830 868 133
387 115 573 967 233 643 909 21 972 372 478 26 560 135 656 380 380 550 439 488 655 207 10 308 55
200 666 902 773 959 291 232 933 54 642 335 333 549 138 195 182 188 701 332 868 947 822 878 558 457
975 125 381 649 892 230 609 893 902 742 623 796 24 182 377 784 960 152 103 572 286 362 339 500 789
104 514 31 109 700 117 76 747 557 638 844 452 346 621 804 531 715 833 170 491 156 529 248 894 57
4 916 13 696 481 617 460 347 153 22 678 393 765 883 542 387 466 678 232 603 289 289 759 35 609
535 718 702 996 315 935 474 590 877 339 710 895 233 537 344 238 103 831 951 704 684 242 890 408 275
656 985 419 168 902 949 926 775 466 413 736 629 322 172 255 59 415 553 915 876 184 363 157 969 100
75 984 279 848 813 720 834 595 947 655 223 108 862 14 83 226 733 12 196 97 415 782 974 183 606
144 83 493 387 859 639 253 944 747 23 73 724 342 453 131 546 678 350 191 462 429 395 749 509 130
109 445 392 571 539 491 186 683 258 960 136 626 795 464 615 976 240 61 193 607 71 170 818 377 544
113 679 472 509 904 918 538 605 668 914 329 253 318 782 864 832 683 882 41 976 986 191 544 316 664
295 23 335 14 707 731 688 323 413 277 15 935 824 26 425 888 213 773 844 743 645 220 500 336 568
833 363 903 821 344 315 952 241 201 225 359 555 109 555 584 13 541 727 592 164 204 430 50 324 303
156 848 598 236 745 374 269 695 793 87 953 676 837 88 133 552 37 814 652 529 517 59 381 899 759
121 469 970 922 641 153 192 781 274 990 607 709 654 706 16 298 75 419 565 794 685 493 145 984 938
