25 25
653 345 6 785 508 698 949 871 736 81 974 789 373 683 883 325 675 65 46 732 229 609 578 124 892
434 949 881 595 712 618 623 346 170 786 378 67 568 102 0 526 350 385 907 838 690 382 107 661 476
642 413 277 829 232 644 260 79 555 26 845 493 342 702 580 946 809 297 617 95 570 307 445 446 964
15 831 315 9 474 587 688 915 5 677 596 443 897 565 90 924 487 863 902 859 408 980 951 454 629
359 320 689 85 112 390 239 287 954 164 847 317 694 260 994 582 153 389 741 697 375 516 424 466 70
843 412 289 551 799 340 311 373 287 689 712 505 970 482 249 397 451 461 361 391 884 650 24 334 410
337 889 761 150 451 404 219 534 199 196 846 413 778 456 409 101 387 890 677 646 472 14 606 358 622
485 15 265 238 643 285 719 630 303 441 224 305 626 124 357 215 768 956 470 933 297 594 989 806 344
186 744 191 261 212 657 635 683 414 104 404 209 844 289 345 94 887 602 244 396 343 390 403 397 619
981 791 511 66 704 154 32 583 523 335 338 668 945 313 88 606 647 952 345 211 704 637 847 926 528
809 270 84 957 368 757 29 637 435 70 178 46 210 969 610 792 219 87 38 901 336 300 245 33 840
246 317 399 296 525 570 327 626 522 623 93 917 590 464 88 875 181 234 210 340 715 143 379 576 368
512 258 231 301 912 980 671 268 9 250 428 930 650 537 487 620 919 952 405 254 709 564 889 830 572
623 430 137 189 294 683 726 264 395 1 246 439 90 862 238 136 589 309 524 962 370 655 417 120 878
599 448 786 485 464 538 933 216 778 998 164 446 238 322 125 806 22 699 229 770 336 900 582 396 946
686 466 378 279 716 463 567 635 568 243 610 709 104 72 473 77 123 553 949 195 678 836 178 247 868
700 375 515 221 430 472 415 554 349 866 29 986 318 636 745 551 759 505 749 578 408 662 839 242 700
396 967 917 858 203 4 832 685 83 502 225 469 476 335 311 788 30 677 869 411 498 384 689 362 442
659 139 376 649 308 276 928 241 32 907 839 5 666 985 878 546 822 469 493 233 711 723 846 502 333
238 692 3 851 323 349 519 408 82 657 326 318 610 64 558 964 918 887 749 101 942 461 289 134 625
440 367 977 9 655 882 803 39 330 830 641 459 9 895 316 539 424 249 708 89 704 27 993 805 637
920 155 143 339 800 879 609 388 925 319 322 641 32 805 822 213 53 150 888 311 235 136 728 65 655
824 850 539 969 219 492 389 115 724 683 122 472 208 942 665 542 827 275 291 419 892 651 77 241 886
698 63 211 31 73 180 176 513 151 151 616 231 578 990 711 919 193 250 43 532 226 995 410 47 744
261 822 552 461 821 689 434 872 180 790 384 147 101 317 940 25 651 100 26 626 305 48 230 112 130
