25 25
687 600 74 771 974 42 512 922 308 490 479 213 163 713 683 623 930 570 484 427 413 194 623 12 37
775 204 232 130 344 172 50 499 578 550 110 942 295 909 526 839 396 530 520 3 553 392 451 540 370
475 344 833 353 45 153 39 288 180 327 73 996 750 422 631 284 819 196 566 840 211 800 248 538 178
777 696 78 480 172 369 949 272 784 42 169 257 43 906 728 949 724 584 197 189 240 524 878 934 628
852 61 481 400 362 60 664 279 834 306 719 631 626 282 523 582 270 486 620 642 741 244 277 146 140
532 549 213 68 892 662 782 934 824 671 991 183 756 93 703 15 4 814 545 819 841 621 557 846 535
250 360 988 139 813 460 322 85 396 482 60 35 611 679 332 389 495 370 442 19 888 202 453 195 727
166 19 177 219 161 354 14 746 174 980 633 478 666 381 935 659 360 461 883 840 159 147 861 175 856
367 99 262 778 200 579 127 611 333 390 309 727 532 515 202 934 353 981 483 362 938 976 25 682 142
111 760 901 421 189 478 687 594 957 530 122 112 346 962 71 705 10 761 865 496 786 374 707 445 133
58 286 859 419 337 90 47 958 516 383 124 847 999 921 210 505 147 239 432 12 740 913 486 405 243
787 355 820 736 184 960 765 510 258 470 20 851 323 493 33 23 294 296 637 542 5 47 312 19 863
398 949 674 881 879 751 848 225 178 517 24 68 587 427 118 900 321 415 545 567 467 927 7 942 813
631 739 345 276 644 485 487 835 967 705 253 671 377 274 841 940 601 831 276 990 905 89 284 231 337
451 662 294 248 779 594 966 839 562 62 60 525 510 693 174 824 0 920 574 528 658 287 569 295 275
382 756 422 668 469 101 846 234 793 983 983 649 961 477 167 400 674 372 825 813 995 571 622 908 168
307 258 815 928 95 205 776 890 281 226 535 677 515 498 813 419 876 691 698 590 477 535 659 361 192
886 323 187 639 661 184 143 450 905 130 888 398 831 112 319 981 904 479 230 131 168 998 265 434 810
565 931 106 442 415 660 755 691 129 881 82 695 307 252 175 215 100 399 34 690 57 767 433 694 666
344 491 890 571 905 560 466 900 406 832 531 878 130 833 256 525 844 865 317 981 86 917 127 437 65
730 695 562 910 891 191 457 255 640 484 188 552 880 474 779 90 505 619 248 688 964 999 456 775 779
952 800 535 353 962 367 195 614 603 452 941 10 938 506 7 634 78 646 208 284 118 836 143 830 155
518 539 844 159 448 201 447 411 546 673 137 642 844 50 966 298 484 393 212 983 267 201 832 494 387
809 557 276 17 825 453 627 163 167 621 167 533 496 128 530 158 497 929 962 580 399 478 936 711 782
745 289 642 767 207 96 63 684 697 534 886 26 33 685 777 191 406 851 811 326 164 523 670 199 562
