25 25
797 102 558 446 532 837 316 57 200 438 335 583 83 865 367 980 926 844 41 480 527 246 524 850 837
245 966 166 591 845 214 671 534 310 320 659 110 675 919 538 319 770 993 398 69 285 54 838 426 1
523 871 142 455 718 739 186 517 796 318 508 733 10 420 415 175 469 470 342 240 322 366 718 715 85
946 721 947 384 266 137 442 134 539 820 457 970 251 137 594 332 784 166 417 620 211 239 727 102 50
431 801 995 918 452 100 389 446 813 646 306 385 904 133 100 350 154 400 806 126 932 859 984 347 677
228 441 863 464 393 600 287 842 620 130 991 920 246 315 502 827 126 529 141 58 556 250 532 222 18
937 252 846 500 241 705 89 963 901 321 86 575 646 144 159 789 709 221 739 454 464 798 187 676 586
724 732 689 340 645 622 432 323 569 928 636 333 976 336 811 834 226 565 531 425 545 399 225 234 453
310 997 256 75 480 311 33 414 177 941 328 246 500 744 475 188 722 628 360 398 830 250 419 488 387
915 755 68 94 412 688 360 373 251 242 102 513 368 535 398 615 346 81 204 828 536 867 660 261 774
50 822 690 946 965 40 405 419 753 335 823 716 35 445 816 388 823 954 949 751 159 144 434 665 413
37 392 931 128 566 511 979 677 798 211 257 25 928 827 326 728 899 440 776 884 619 29 377 803 81
962 324 602 257 734 743 562 580 737 293 621 970 665 275 923 183 751 872 204 716 281 980 128 722 712
163 963 858 171 150 540 490 657 487 504 486 423 530 507 8 155 857 228 257 226 248 614 672 248 449
389 785 6 377 23 178 643 254 833 172 644 312 654 335 711 975 710 915 29 429 476 867 202 753 178
434 305 315 468 716 834 927 257 659 24 373 258 529 833 333 247 35 869 728 6 680 890 760 742 991
748 575 232 128 107 67 904 439 301 357 449 686 891 928 508 780 252 743 811 940 372 174 207 335 138
611 305 952 248 270 370 347 151 338 942 161 327 553 80 349 141 9 676 328 864 914 56 231 565 645
617 496 691 304 792 466 376 634 356 585 281 288 876 762 674 428 845 262 795 862 124 786 169 832 584
343 59 332 774 583 856 626 248 740 405 413 251 388 284 433 672 47 826 171 548 897 483 819 635 74
980 706 855 407 307 273 132 765 129 98 545 516 148 972 30 254 23 724 416 237 703 608 248 974 47
821 634 824 404 583 413 485 58 974 393 585 958 159 910 336 353 885 543 439 741 514 722 254 947 759
214 6 971 962 356 764 679 462 163 459 555 475 981 953 838 165 252 876 530 349 708 161 394 700 819
273 520 105 116 171 326 315 105 80 310 14 651 736 832 119 440 232 506 299 480 518 361 299 68 60
760 828 836 589 291 275 489 303 488 688 631 952 511 893 520 985 775 713 951 810 191 957 570 48 880
