25 25
247 894 196 36 85 542 234 547 958 233 342 922 885 938 887 490 626 434 976 980 51 649 287 837 358
848 70 38 231 617 536 20 876 615 889 80 714 909 484 837 332 550 513 196 647 690 497 529 847 46
588 485 822 126 556 260 327 862 363 478 491 181 125 217 983 906 725 894 797 90 748 171 245 146 490
546 726 240 522 898 0 374 319 834 85 655 840 101 193 339 866 400 986 450 744 999 784 428 822 658
828 572 367 654 704 211 880 237 4 308 171 468 497 254 500 843 635 427 851 992 539 209 71 513 897
405 905 486 539 302 183 401 602 601 96 709 360 41 839 361 901 614 408 913 175 328 370 550 110 455
933 501 155 133 820 678 296 567 39 317 81 932 78 272 476 255 190 56 304 762 986 982 524 141 981
352 169 989 807 304 877 473 585 808 577 366 460 464 663 579 710 200 23 554 762 587 878 880 461 249
787 635 686 487 588 768 492 5 545 666 900 699 541 649 475 578 169 750 9 956 579 838 53 376 520
322 376 159 248 938 203 726 232 449 47 778 527 847 875 989 109 866 100 202 33 779 125 150 930 124
425 654 184 641 338 824 389 626 528 142 870 516 235 217 933 42 894 682 381 564 527 884 66 699 835
3 868 387 80 196 492 850 42 963 753 380 657 193 635 581 60 544 658 218 503 260 231 348 412 195
84 782 839 558 351 333 625 610 296 872 196 938 44 992 921 160 314 85 994 887 982 466 166 642 749
919 383 157 346 959 437 590 642 334 254 883 377 252 154 86 105 136 852 623 677 283 61 605 486 264
785 822 975 371 348 223 282 935 610 924 953 734 189 320 781 246 745 114 808 447 83 640 453 953 713
464 166 672 932 659 599 745 358 415 785 452 168 99 884 718 74 344 975 847 967 62 180 784 959 577
879 271 273 359 538 774 324 267 57 870 790 806 253 133 407 148 508 686 396 873 253 794 997 421 829
300 371 920 48 714 813 260 311 689 757 767 920 534 85 691 300 334 993 929 762 635 99 702 12 980
924 874 437 818 222 263 101 255 25 902 821 626 937 875 207 475 118 671 599 354 255 543 957 873 889
379 385 4 875 386 892 308 548 758 587 865 920 605 197 242 718 4 906 227 201 660 2 127 680 75
835 657 373 687 334 263 598 349 114 741 535 653 301 609 536 208 433 328 779 923 832 781 916 49 766
848 107 867 57 967 692 29 150 365 730 111 135 679 460 688 168 249 340 24 287 519 412 906 869 127
338 712 917 566 476 954 287 40 693 198 83 180 663 377 819 845 178 658 25 358 898 963 505 518 258
879 789 562 492 423 427 524 107 412 599 216 664 514 945 479 394 329 653 461 794 954 668 985 984 165
851 802 537 639 169 766 937 50 361 593 477 629 474 71 520 955 444 489 398 145 857 885 98 722 751
