25 25
262 330 658 466 974 352 105 68 756 957 48 764 185 323 160 668 308 311 978 126 528 772 336 471 605
325 524 460 470 754 679 53 936 917 988 49 125 271 122 908 55 730 220 612 686 602 562 730 652 704
228 154 178 523 819 98 910 228 174 143 14 30 55 201 167 436 124 155 825 147 204 563 164 428 835
671 182 640 217 842 349 165 700 767 665 928 881 800 639 780 727 212 561 910 963 484 40 966 664 873
870 205 432 78 462 440 162 182 547 578 392 423 77 279 603 843 766 750 690 796 850 846 267 431 397
284 277 256 18 699 930 848 819 126 494 697 185 533 26 812 961 151 861 574 143 469 468 822 156 69
561 488 823 261 337 332 549 721 554 605 929 316 319 765 176 449 295 449 526 675 368 55 622 236 38
586 188 898 289 349 775 754 481 312 276 588 378 8 470 264 533 307 849 536 224 497 85 655 995 124
596 219 112 787 766 105 32 921 277 913 475 153 70 282 992 187 714 318 191 86 405 948 733 201 538
216 574 51 337 830 990 228 770 791 176 939 41 147 981 448 256 816 78 781 769 146 950 542 512 52
831 471 613 29 759 112 30 488 280 401 432 470 973 445 204 20 563 314 286 579 908 752 555 102 46
595 934 956 321 227 12 230 522 874 662 140 513 208 929 965 898 110 340 16 428 165 127 206 98 317
602 702 53 422 589 492 558 275 432 428 442 622 343 615 301 28 417 839 683 554 51 841 474 674 405
122 277 890 314 51 402 675 831 46 422 586 648 646 856 686 297 275 635 500 286 337 280 539 61 789
316 368 513 658 871 641 738 125 867 344 975 331 516 760 161 133 568 403 212 871 889 192 909 196 112
182 738 252 561 508 169 135 368 933 99 720 690 318 194 334 652 383 469 512 158 377 410 60 675 661
153 855 128 129 531 965 334 820 92 121 886 80 663 818 162 259 377 24 387 125 522 964 280 554 766
4 332 963 495 132 534 687 656 15 344 7 782 633 678 707 581 790 479 553 450 838 133 985 390 734
504 964 241 913 666 839 188 631 483 338 160 387 604 294 700 66 450 988 900 383 757 158 741 126 47
749 40 273 996 744 370 34 206 980 768 211 151 3 557 948 656 937 553 313 276 207 332 127 6 758
422 831 328 848 302 740 856 464 628 743 977 151 160 346 65 990 957 820 871 358 825 504 86 133 369
630 288 974 962 985 249 892 310 25 694 522 262 147 118 773 102 547 261 239 20 994 940 166 256 128
895 899 996 310 438 667 329 524 500 72 603 736 774 227 832 802 194 855 420 516 790 480 142 641 307
123 955 920 393 278 409 612 744 441 671 320 682 746 924 774 619 500 267 89 745 993 121 125 112 156
440 976 682 46 450 952 157 194 797 504 43 901 929 486 586 349 355 918 788 225 403 350 814 270 294
