25 25
131 268 371 767 928 873 383 132 826 284 381 603 541 402 367 491 262 669 710 374 773 652 297 20 525
505 302 385 229 797 204 989 645 513 658 235 163 145 191 663 321 706 737 989 904 896 410 779 838 860
149 921 1 174 136 149 812 403 424 859 407 939 966 898 73 70 389 56 359 872 504 102 764 864 605
721 513 373 866 820 335 133 395 772 690 318 401 235 736 890 628 251 280 581 473 306 365 338 182 476
780 690 674 589 820 798 144 358 258 849 962 449 55 719 200 134 580 15 23 914 463 684 867 232 491
942 321 225 275 432 565 878 607 674 127 32 389 330 82 74 527 606 349 90 724 257 382 798 813 428
726 620 69 841 775 360 258 189 92 903 685 721 946 257 682 403 414 134 271 955 296 649 324 677 536
79 597 256 36 848 802 181 120 637 486 569 527 414 610 560 272 9 502 380 861 130 757 559 833 432
674 254 704 10 534 279 996 356 939 930 113 919 508 195 771 107 331 249 650 135 650 957 893 586 586
570 438 428 941 264 110 771 426 316 43 394 424 222 525 194 664 423 817 35 451 425 782 518 780 727
916 608 206 783 555 595 801 581 290 524 461 119 241 287 559 810 508 942 930 669 577 589 475 191 93
888 848 974 667 922 185 589 413 728 856 652 147 658 293 522 278 328 108 589 313 996 740 324 523 635
782 446 298 725 49 994 27 838 570 724 401 763 374 553 218 824 237 557 804 326 685 206 88 758 217
847 541 490 938 31 560 277 341 135 122 511 746 60 553 428 120 131 60 219 803 280 898 90 709 783
71 210 311 192 837 946 924 125 14 886 558 207 776 812 506 287 15 630 662 788 201 372 357 726 398
168 527 424 946 682 132 274 876 881 584 101 681 494 697 285 835 449 471 206 124 616 93 775 346 300
156 956 178 743 138 21 297 87 969 417 810 540 807 106 297 690 201 131 253 99 79 613 544 501 558
59 933 497 648 313 157 405 670 519 125 632 9 784 603 189 985 904 330 103 604 443 877 764 0 249
254 323 917 600 469 229 57 725 724 247 33 682 729 872 704 934 89 715 964 924 447 425 384 271 135
416 568 651 842 73 570 367 740 377 368 188 466 668 829 244 93 527 449 327 348 113 998 853 625 472
605 639 223 973 369 967 323 337 421 793 536 382 562 197 498 211 42 542 464 815 244 43 846 807 687
497 799 848 997 870 945 754 553 772 768 501 464 925 119 840 843 717 38 645 960 484 486 848 825 225
794 896 523 425 991 975 555 761 313 870 414 625 615 695 826 201 678 339 513 956 549 30 66 215 460
504 565 301 604 830 229 314 464 591 972 55 872 193 983 815 354 640 511 659 286 954 625 796 800 429
168 71 79 98 589 315 973 104 840 973 726 671 196 450 82 586 264 299 529 231 714 914 638 895 924
