25 25
165 475 252 901 4 871 388 774 6 635 403 215 530 396 967 192 647 887 617 238 30 222 292 789 659
840 197 618 684 583 918 349 327 268 615 486 465 35 385 775 534 608 943 167 641 18 911 87 228 872
510 471 756 936 251 371 199 367 392 748 527 790 92 181 452 470 136 825 809 165 143 349 240 928 584
952 937 110 18 385 273 619 927 522 702 2 569 483 582 61 115 330 91 112 725 335 857 623 593 790
678 454 419 204 361 345 746 301 121 744 575 414 355 666 465 491 504 318 685 206 982 310 26 865 601
39 37 323 503 191 925 184 708 471 509 571 264 826 77 22 677 597 807 520 501 754 355 153 903 536
157 522 43 627 32 404 205 72 9 764 565 461 484 914 406 983 257 178 663 700 491 938 810 331 566
607 968 741 698 399 668 634 919 270 224 821 274 459 324 603 150 566 162 89 980 708 73 551 307 103
476 192 302 652 571 917 910 426 433 18 589 310 81 701 686 10 520 331 425 817 935 597 690 777 788
175 370 838 721 87 20 59 991 228 268 559 55 673 349 372 992 673 512 943 958 65 646 237 775 705
359 890 360 793 663 184 372 855 703 360 112 917 235 973 216 554 112 50 41 389 60 857 636 392 648
110 0 521 121 819 489 56 316 832 353 549 813 562 286 339 518 556 758 91 941 860 620 186 723 918
694 486 622 330 20 189 501 508 541 636 914 67 223 401 672 812 301 780 729 862 52 866 801 433 529
336 980 216 584 593 187 491 723 505 815 50 378 549 515 829 348 86 919 755 713 419 601 531 242 87
79 25 13 64 62 101 234 598 647 194 915 570 169 729 49 580 14 951 998 313 603 813 668 610 859
206 342 552 470 768 652 596 929 815 866 529 201 808 331 39 0 167 843 803 824 839 622 44 584 593
485 248 202 407 22 613 263 28 170 603 589 143 664 133 712 351 371 702 71 805 327 242 612 642 273
955 550 689 595 724 184 744 467 961 863 31 54 71 383 592 978 261 53 412 951 615 100 780 337 665
337 771 187 45 254 364 738 683 985 458 233 23 688 351 154 411 997 352 556 418 963 202 520 155 290
755 353 346 995 733 842 528 706 226 289 587 687 528 78 321 356 755 747 621 190 295 21 231 329 986
968 524 102 96 484 158 247 902 681 225 672 682 929 335 217 391 507 575 681 906 27 428 521 193 323
879 551 842 535 305 797 73 412 245 806 656 186 126 646 171 998 844 866 534 327 517 686 580 682 737
408 543 606 829 170 770 472 36 360 886 711 743 515 911 59 279 489 117 169 755 205 192 318 829 664
698 427 123 251 272 212 43 147 685 311 230 498 241 935 468 749 374 9 372 918 158 578 923 759 149
596 836 147 303 372 226 186 834 665 212 812 357 353 265 114 750 268 466 801 404 483 866 345 133 212
