25 25
296 84 14 85 479 204 708 410 560 466 967 187 476 507 334 1 629 6 501 827 202 607 388 712 816
106 216 778 261 376 816 458 359 278 509 567 261 787 838 741 853 965 147 131 752 19 778 110 227 800
685 349 765 348 77 16 789 652 119 39 775 509 969 770 344 322 567 843 714 972 757 721 835 45 244
503 349 899 124 285 827 149 126 146 244 713 27 940 960 43 962 387 771 139 327 637 586 295 257 661
5 602 869 566 354 536 184 751 280 927 604 318 81 642 117 17 926 781 843 101 845 670 552 841 332
274 272 888 19 835 57 81 365 392 432 661 482 525 814 772 58 617 960 922 171 170 367 312 892 416
953 711 854 864 215 290 164 644 850 202 953 107 254 111 390 597 209 883 881 626 884 451 27 303 505
736 790 925 381 277 138 918 298 425 557 350 252 272 214 559 929 932 411 599 648 785 129 426 40 432
907 266 991 71 47 238 253 348 454 644 842 650 700 608 519 766 141 501 521 781 87 16 718 473 4
61 434 956 374 955 935 817 847 881 548 98 557 837 461 201 354 198 581 927 83 67 867 206 591 652
268 238 30 946 806 189 125 85 884 144 354 412 949 543 229 448 984 277 123 815 586 179 388 181 340
567 189 934 518 710 389 880 181 225 688 967 952 560 222 129 719 133 827 277 227 145 385 708 940 46
918 903 769 114 781 365 207 378 235 760 119 765 450 430 145 887 531 128 330 544 609 954 448 994 460
327 734 534 448 358 997 188 253 144 334 855 318 723 872 88 21 195 185 474 4 139 23 179 908 743
624 278 262 576 807 431 494 30 725 341 139 515 761 698 484 457 495 685 733 824 160 840 668 618 636
594 326 241 509 487 91 626 427 533 457 288 288 935 498 272 588 381 336 408 200 314 418 198 369 622
329 161 169 510 351 833 254 625 524 798 848 107 484 890 129 443 509 864 879 453 812 531 46 678 291
882 369 740 19 917 921 261 349 163 958 694 232 340 688 565 529 279 658 915 460 229 136 670 402 984
596 397 577 657 963 542 508 625 867 460 334 37 642 36 207 711 791 291 261 536 747 967 894 296 778
794 134 154 512 984 962 644 574 872 968 598 466 611 527 368 744 287 257 353 804 686 46 231 751 332
374 696 781 85 554 592 275 985 946 843 468 153 873 641 117 480 508 70 929 497 716 273 638 354 393
323 279 198 332 587 282 624 908 33 570 122 654 125 582 546 258 365 814 517 907 401 312 226 54 805
347 707 795 2 825 414 982 213 490 833 462 367 589 494 228 890 970 697 400 483 595 38 685 602 613
741 794 871 2 423 877 480 24 450 602 842 986 815 198 611 622 993 755 985 453 961 606 75 691 987
522 945 23 111 479 161 861 888 443 781 385 289 353 443 763 415 682 636 143 170 349 295 717 473 428
