25 25
875 710 226 46 733 458 886 538 890 496 685 273 817 13 751 65 400 180 781 263 159 703 468 191 357
170 856 544 518 760 8 319 197 360 85 565 894 766 458 128 797 882 553 462 982 706 113 323 987 735
23 593 932 42 643 504 620 453 249 171 351 138 688 166 994 373 259 430 530 594 276 417 858 606 120
113 297 820 472 151 381 352 563 69 790 411 551 567 745 778 633 279 263 836 609 798 997 964 960 664
74 774 879 970 894 349 590 542 456 466 578 731 557 641 612 917 516 552 150 502 321 23 982 798 410
180 836 508 707 317 457 764 410 508 832 96 335 507 352 918 914 747 589 417 382 711 200 282 340 530
590 102 709 158 971 150 844 155 214 692 224 369 83 330 903 704 938 668 899 266 76 912 718 598 300
363 19 329 552 235 99 132 579 624 632 460 561 17 508 577 274 318 641 473 524 46 903 455 61 420
538 694 48 233 198 665 168 346 611 328 65 626 180 568 681 767 145 296 67 505 738 752 757 669 854
932 243 478 208 313 771 591 243 674 907 323 26 668 10 315 199 990 130 353 907 253 2 933 856 920
485 194 265 808 541 966 513 353 133 844 476 907 173 86 50 469 171 949 565 633 228 45 925 567 414
590 542 935 415 11 394 571 623 454 135 765 789 587 366 750 441 41 761 688 884 481 214 734 557 5
989 294 202 453 111 273 41 354 987 712 160 317 716 138 905 48 479 541 282 688 611 670 40 196 845
423 798 606 136 233 691 886 754 65 722 531 111 801 889 440 669 970 508 671 571 585 121 266 336 488
649 868 89 446 757 32 225 259 433 234 621 364 690 735 643 664 809 345 445 613 555 987 324 524 214
963 927 142 13 498 923 727 659 199 400 543 825 443 533 980 259 825 410 952 533 468 358 561 673 489
908 123 898 274 861 637 413 95 800 250 528 152 211 641 440 417 228 49 827 949 576 611 275 877 884
422 955 880 12 806 505 567 270 880 32 412 141 854 207 393 101 999 706 40 806 240 278 153 877 332
179 70 798 139 460 164 716 604 689 998 891 554 120 184 798 607 554 345 180 103 282 13 653 66 267
651 32 292 882 300 946 277 806 893 864 153 713 606 858 306 670 95 9 958 153 68 98 788 288 262
927 487 24 710 529 710 198 462 838 602 776 711 542 720 899 108 564 315 734 25 495 993 364 556 234
397 718 894 203 588 782 159 414 117 212 850 676 387 768 111 609 950 742 240 794 885 52 752 931 443
303 987 257 741 723 437 589 921 803 719 184 569 125 82 877 667 346 0 715 192 426 820 929 276 658
818 573 674 231 294 648 250 375 874 396 172 252 190 2 441 237 550 737 205 904 7 306 239 334 400
400 333 486 248 787 190 478 295 839 899 926 685 584 882 156 773 151 524 403 813 659 238 906 348 978
