25 25
-16 -20 -6 -11 1 -10 -14 -20 4 13 -9 -11 17 -7 -4 0 -4 2 16 7 -17 -10 -15 19 -20
16 6 14 -5 -14 -13 -14 -4 -3 -6 -14 -5 16 -19 -18 4 -4 16 6 -12 -1 -9 -17 3 -17
-13 5 -12 -5 -18 9 6 9 -8 -10 -20 10 -13 -1 -2 5 -10 -6 14 12 18 -3 6 7 20
1 11 15 7 9 12 11 -8 18 13 8 16 -12 -15 -1 -20 13 1 -18 20 -8 -2 -1 5 -12
-13 1 14 -6 -6 2 -12 15 10 -14 -9 12 -11 -11 -12 -15 19 5 8 -11 -19 -20 14 17 -17
7 12 -11 -6 6 -4 3 17 16 -15 -1 -6 -6 -20 7 -13 12 -16 -2 -14 -6 0 -2 -17 -8
4 14 10 12 2 -19 -1 3 20 3 -2 -9 -9 7 -6 3 2 11 20 14 -3 19 8 2 11
4 -16 5 0 14 4 -16 -2 -8 -4 -19 8 1 -6 12 18 -6 -5 -11 7 14 -15 6 -11 8
-4 -6 -19 -6 5 -20 -15 -7 -13 -16 -6 -14 5 17 5 15 -2 10 11 -3 -12 -11 16 -13 -2
-1 15 3 1 -14 10 0 -17 12 -16 -7 -20 -2 -6 15 -13 7 0 10 8 -8 9 -16 14 14
3 20 -20 7 9 8 -1 14 19 20 15 -6 -20 20 -5 -14 -3 1 -19 -15 12 -14 -20 -11 -13
-12 3 -2 -19 -17 -20 -17 19 -9 19 -14 -4 -16 20 -7 13 20 15 2 5 -3 -8 -14 5 -20
-11 -17 9 -7 -2 8 10 -1 -5 17 13 -4 -20 -19 -1 -20 -14 -7 -9 -18 -14 18 -1 9 14
-15 -16 7 19 19 3 -20 -18 9 2 0 8 12 -1 -8 16 11 10 8 -6 -19 -14 15 18 -19
16 -13 10 19 3 -10 -10 -4 7 4 -6 -18 6 20 -6 6 2 -19 -6 -10 7 -18 -12 -5 -19
5 11 -8 17 -2 -17 -20 11 14 -7 10 -2 -6 -20 9 -9 -17 -17 20 -4 19 20 15 -16 -12
18 20 7 17 16 -10 8 20 19 12 14 -11 4 3 20 -4 -14 12 -16 -9 -8 7 -5 7 -4
-11 6 -8 0 14 -7 -17 0 13 -20 -2 -18 12 -4 -2 2 -2 2 -11 -15 7 11 -8 -5 2
-15 -13 11 18 -5 -2 15 12 8 2 10 -3 -5 8 -16 -17 19 2 -17 14 -4 -11 -19 2 -19
5 9 5 -13 -17 20 -14 -14 -10 15 6 -6 15 -1 2 -11 18 -14 -5 11 -7 -5 -15 -5 0
-9 0 -2 -6 -2 15 -1 -1 0 5 -15 14 -5 -12 20 -7 5 8 9 -2 7 3 9 3 -1
-5 -13 -7 -13 -8 10 -5 -17 -16 -9 -4 12 -9 4 3 6 -4 -2 12 -19 4 -20 -11 -4 -20
18 -16 4 0 -3 -18 13 15 -11 2 -3 -5 1 13 15 3 -6 -5 -17 -12 -15 20 -19 -9 10
15 -19 0 17 -5 -13 -16 10 -2 6 -18 -13 9 -8 20 3 -18 -6 17 10 -20 -6 -6 -4 7
9 10 16 16 -13 -4 19 -20 17 13 1 -4 6 1 -5 3 7 17 8 0 12 20 -6 -5 -20
