20 20
11 -13 -16 6 8 -15 -17 -16 11 -11 -8 6 -19 -2 -16 11 3 0 -13 17
10 -9 -8 -4 1 -3 8 14 -17 -13 10 3 -7 -17 18 -8 7 -8 14 -11
7 18 1 9 -7 -19 19 14 -13 15 -12 -9 -20 -16 6 2 -16 13 -9 5
13 -2 19 16 11 -10 4 19 -17 1 -16 1 -15 -4 1 -6 -12 -18 17 -12
-4 8 -11 -5 -17 20 20 -18 -3 -17 -10 9 11 0 9 5 -11 11 17 7
4 3 12 -13 -2 9 14 6 9 6 12 -18 19 -19 -10 -14 0 -2 -4 1
7 -15 -9 19 -4 -14 -13 -8 -17 -14 0 17 -2 18 19 -5 17 -16 -14 10
-19 -13 -17 1 14 18 -11 10 -5 6 15 -7 -12 -7 -5 -8 -16 2 20 1
-12 1 17 -8 2 -3 3 -3 -4 20 19 -15 12 -7 4 -10 17 -9 20 0
-5 12 -10 -10 6 18 -17 -4 -15 17 14 -9 -4 -6 -11 20 -7 -4 10 -15
-2 16 5 -1 5 -16 -12 -12 -5 -12 -20 7 5 -20 18 -20 14 -15 9 -15
-19 17 -3 14 5 -16 8 -17 -2 -20 8 -11 -13 -17 6 -1 3 -11 6 12
1 -10 5 -7 20 17 20 -17 3 -18 -2 -9 -20 15 16 -17 14 10 14 11
16 13 15 -15 -3 14 -20 -12 9 18 -20 -3 7 12 -14 -3 -14 -10 11 4
-2 4 7 0 -3 14 -15 1 -11 19 -19 -11 10 14 -7 -16 -12 18 -16 0
-3 -14 -1 9 11 -12 -12 13 9 -8 14 -1 19 13 -18 -13 6 0 6 0
16 -6 18 -8 17 4 19 -18 6 -12 -18 15 19 4 7 -13 -19 15 13 -19
-14 2 14 -3 -4 -20 13 7 -20 -16 -3 15 14 -3 18 -10 -12 6 -8 15
10 -7 -17 14 11 -16 12 -16 -5 -19 5 -3 5 8 -2 -16 18 7 15 19
19 2 12 12 -2 1 -19 1 5 -3 -11 -13 6 8 11 7 17 2 -5 13
