25 25
-5 18 -7 6 -12 -2 -14 -7 6 -15 -19 6 -3 -20 16 -1 -10 -11 18 -4 -3 4 7 -11 -9
0 2 7 18 9 6 0 14 20 -19 -2 -5 12 -19 4 1 -3 -16 15 -15 18 12 8 -4 -16
-18 6 -19 -3 11 13 12 -11 12 -12 -18 13 3 14 -18 -3 11 -14 -3 -14 -14 14 9 -1 -15
-20 -1 7 -19 -20 -18 -20 15 -5 -11 -12 -13 -9 14 -7 16 -8 6 -1 -9 20 -5 -12 10 -3
0 13 15 -13 5 0 9 1 -14 -13 17 -16 -20 15 6 -6 17 9 -5 15 -4 2 17 11 -9
-8 -10 17 -19 2 -11 -14 -4 2 15 -1 10 -2 -12 -16 3 4 -16 -5 1 11 19 0 7 7
13 6 -18 14 16 -16 18 1 20 15 -8 -4 -17 16 -15 -8 13 2 12 0 -12 -1 9 -4 10
6 9 7 10 -17 13 11 16 1 -18 13 20 -19 -13 18 -7 15 -11 15 3 18 17 10 2 12
3 1 16 -12 9 -15 12 -6 2 -6 3 3 3 -13 4 12 4 14 -15 18 5 -2 -14 -9 -8
10 -9 14 19 -4 20 -10 -11 8 17 9 -4 9 -15 2 14 15 -6 -3 4 18 16 -20 -12 7
-5 -15 3 -4 -13 2 20 11 -8 -15 13 1 7 2 6 1 17 0 20 -3 20 13 -1 16 -5
11 -5 9 12 -15 5 -3 18 -9 14 -14 14 0 3 16 -1 4 -7 -19 -5 -6 -8 18 -16 -14
-18 -3 -16 -6 9 19 -5 9 7 12 17 6 7 -16 -15 5 -6 11 6 6 2 -6 13 10 3
20 17 15 -15 -1 -12 -10 -5 6 -19 11 15 6 -5 -8 -7 -20 7 1 -4 6 -17 -5 -1 -8
16 13 8 9 3 20 8 -10 -20 0 19 3 -17 8 14 9 7 2 -20 -6 -11 15 19 19 -17
2 -2 11 14 17 3 0 -15 -12 11 11 6 1 -20 10 -13 -3 10 -4 19 -1 8 -15 -16 -8
10 2 -10 13 19 3 4 9 12 -16 -18 10 -8 -2 15 0 -11 -7 -15 9 -5 -18 4 0 2
-1 -19 12 19 20 11 13 -19 -18 -9 15 6 10 15 -3 -8 18 -20 5 15 5 17 -10 -19 10
20 12 15 5 -10 -13 -10 10 -13 -6 12 5 -5 0 -19 4 2 16 8 16 6 -10 -17 11 16
17 0 19 14 -13 20 -8 -18 -6 1 10 12 0 8 -17 9 1 0 8 -9 2 17 -3 8 -14
15 -10 3 8 -5 -9 5 -17 -6 10 19 14 -6 -3 0 -2 -2 3 -10 -12 -20 5 -3 -5 -1
-16 -3 16 -6 -1 -18 19 0 16 4 10 -1 14 -5 -7 -15 6 4 -14 -19 17 8 -5 15 16
-14 -18 -5 0 20 18 10 -19 9 9 -11 2 7 -4 2 -8 -20 -20 -13 2 3 -11 9 -4 -15
-1 0 13 12 -5 -9 7 6 16 -11 -13 20 12 15 19 10 -19 13 9 -11 6 7 -16 6 -9
0 7 -11 0 19 -8 -16 17 13 -4 6 6 16 -14 1 20 -7 9 17 -15 -11 4 -12 14 10
