15 15
5 -18 -7 14 16 -19 -17 17 12 -18 2 -20 -7 -3 -12
-9 6 -2 4 -18 -12 -19 11 11 20 -1 -15 5 10 -18
2 5 -9 -11 12 -6 20 -19 -18 0 -3 -3 -11 -9 -2
19 -1 20 16 -18 3 9 17 -12 13 11 16 6 20 -13
-10 15 -15 -6 -2 14 2 20 15 -2 -10 -15 10 19 20
-10 15 9 -8 -14 -4 -10 4 -11 -7 -8 19 -14 20 -2
9 12 9 -18 0 -3 -13 8 16 5 13 12 12 -12 18
-11 2 -13 12 3 -18 12 7 -11 14 15 -7 -16 -7 16
18 -14 12 2 -8 4 -19 16 -11 18 19 14 7 -5 -17
-13 -16 -2 -1 3 11 -10 17 -15 10 8 -4 11 -6 13
11 2 -13 16 -9 -1 -16 12 12 -8 -5 -3 13 12 20
-8 -6 -2 -3 -8 -3 19 14 -6 18 -14 -13 14 -12 2
-3 -16 -18 -7 -14 16 4 19 6 3 -8 0 15 -5 -12
17 -5 -20 13 12 -14 -20 -18 17 1 -7 -5 -2 12 -14
-6 -6 10 15 14 -12 -3 15 -2 16 -13 -2 2 12 13
