20 20
-12 -6 9 -9 -16 19 -17 1 4 10 6 4 -4 -1 9 -14 16 10 -3 -14
-12 -13 -15 -18 9 14 -4 -11 -10 -3 -11 0 -1 8 -7 9 -5 19 -10 17
20 -19 5 -9 10 -3 -19 -20 12 17 -1 8 -18 7 20 20 -13 -20 17 13
13 20 0 20 -9 7 0 19 -3 -12 14 -10 9 15 -5 2 0 -19 -17 -3
14 7 15 -14 5 2 16 -8 2 9 11 8 -20 7 -16 0 8 5 -19 6
15 18 -10 14 -6 -9 20 -3 -1 -9 -11 -15 -11 -20 4 -3 11 -16 11 -18
20 -15 -7 0 6 -5 -11 1 -18 -13 -7 3 18 -19 16 0 -20 -4 16 15
9 1 -6 -5 -20 -19 -19 -16 -19 -8 6 -8 -19 1 14 4 15 9 13 -6
-11 11 -8 1 -12 12 -16 -13 2 10 2 20 -11 -6 -4 20 -1 14 -19 16
-20 18 8 -7 8 -15 2 -1 -16 -13 2 -19 -5 -15 -18 18 -7 -7 2 3
16 13 3 -17 15 -4 -20 20 -10 -14 -20 -11 -11 11 -19 -6 -1 20 14 19
-1 -2 -6 -14 14 18 -14 -15 17 -13 -3 10 2 11 20 9 -5 0 17 -20
-8 16 8 11 -6 14 -7 -13 -9 -18 -6 -6 4 -18 -1 9 10 2 -19 10
2 15 -18 -20 -15 -19 -12 19 -4 -8 10 16 20 9 1 -4 18 12 -12 2
17 11 -11 -16 -8 7 18 16 -18 -2 16 -18 12 2 6 -5 -20 19 -18 -7
16 -12 -20 -19 -7 2 -8 15 2 12 -7 -15 -5 -2 5 0 2 3 0 8
-3 8 -20 16 -16 2 -13 -2 9 17 0 -10 14 18 14 -5 2 2 -6 2
9 20 -2 4 5 16 -1 10 -6 -10 -8 -20 -4 -6 15 13 17 10 -12 3
-8 13 -8 3 12 12 1 8 5 -20 11 -8 -5 -2 13 13 -9 -5 -2 4
-12 -3 -8 -10 6 -4 -10 9 -14 -9 -14 -3 -7 18 3 -19 12 9 19 -8
