15 15
15 -8 -11 11 -13 17 -8 -10 -10 9 11 20 17 9 20
20 17 -20 -2 -7 5 8 6 16 -20 -16 20 -2 -14 0
-9 -15 0 16 -6 14 14 11 16 -5 11 11 8 -11 -19
13 6 -1 -11 12 -8 8 5 3 -12 -12 -15 18 -5 -19
-2 -20 17 17 -19 5 17 9 -7 -12 -17 -10 -19 -19 4
6 -3 -18 18 5 18 -16 -20 -1 16 -17 -11 4 -5 19
-20 -8 15 11 16 5 14 9 6 3 9 17 -14 2 -9
17 5 -17 -20 -9 -20 14 -16 -17 18 3 -1 -15 -1 11
14 16 4 20 -17 -10 -2 -6 7 -8 -5 -15 -12 12 -16
-2 -14 12 12 -14 17 -11 4 10 -14 -17 -5 12 -15 -8
-4 -4 -19 8 -14 -2 -20 -19 12 -8 2 13 0 -19 -2
3 7 -10 16 17 -4 -19 19 -11 7 9 7 14 -9 13
13 3 -10 4 19 0 5 14 -15 19 7 -8 5 -8 4
5 8 12 3 -7 11 -13 -20 -11 -15 15 -15 13 0 10
6 14 -16 13 -14 15 3 20 -17 3 -8 16 -16 10 3
