20 20
15 19 5 17 -12 17 10 18 -8 4 -4 9 -5 18 8 16 -14 20 2 8
8 18 -6 -13 10 -7 13 -7 20 5 -8 -1 20 -7 9 6 8 19 13 15
-2 16 -15 -8 -7 -11 -7 3 -3 5 -10 10 0 -1 4 -7 13 -15 15 9
-11 -17 16 1 -14 -13 -10 -8 13 4 -18 -18 14 0 -8 17 -6 7 -10 5
-13 15 -3 -7 -11 -4 15 -10 -13 6 -2 -7 -9 13 -14 -13 -13 -5 -4 -7
4 0 -12 -2 15 10 9 7 0 -19 -2 -3 -2 16 -2 -10 -16 -14 4 -14
-18 8 20 -6 7 16 -13 -6 16 15 -18 20 -19 -6 5 -14 -7 -4 -14 13
-7 15 2 14 -19 -20 -11 -6 -13 -5 11 6 -14 -6 0 17 4 10 9 17
15 18 -17 19 -11 9 -19 16 -12 11 16 1 8 6 -9 11 -12 7 -6 -12
-13 15 -12 14 1 -10 -7 7 -18 0 19 16 -20 -16 -14 6 9 -9 -4 10
-15 18 -19 16 6 -17 8 7 10 5 -4 -7 16 1 7 -9 0 -14 3 -16
-2 -5 14 -1 14 18 20 -12 17 18 -8 7 9 12 4 -9 -4 -16 -18 -18
-10 -18 -16 6 -16 0 1 14 18 14 -3 -4 -11 12 -5 -16 20 16 -8 -12
-18 11 6 3 3 -6 20 9 -18 -12 12 -5 8 -8 11 -14 10 -7 -20 -8
19 17 0 10 -12 -16 -12 -15 -18 15 0 -15 10 -6 -7 -15 -17 11 15 1
15 -17 8 -16 13 9 7 4 -1 6 5 16 -15 18 -11 3 7 -1 0 13
18 -6 16 13 7 5 9 -10 9 -6 18 18 2 -4 -4 -20 10 12 13 5
8 -11 6 -2 -20 -14 16 10 -20 19 17 -2 15 5 16 -12 -15 14 -19 -1
-13 -17 -1 9 9 -17 3 19 14 8 2 14 1 -13 2 -14 2 7 -19 11
7 6 -3 4 17 2 3 12 13 19 -13 19 -12 -10 -16 9 -2 -11 -3 -5
