15 15
16 -3 5 15 14 -2 4 5 15 -16 16 -1 15 -8 17
-11 -6 -7 14 -16 17 -7 1 4 -3 1 19 -16 20 3
7 17 11 -11 9 12 -18 -6 20 -11 -1 12 10 -8 -17
6 5 -8 11 -2 12 8 13 -18 -19 -19 0 3 -3 -7
17 11 -3 -15 -1 14 -19 14 -4 -1 18 9 -1 -16 17
-12 1 5 3 -13 20 9 -16 19 -18 -15 -19 4 -20 12
1 -7 -8 7 -2 1 5 9 4 -13 -3 0 3 11 4
-15 -20 10 -9 -8 -16 -1 17 -15 -19 12 0 -1 -3 -16
5 3 16 -13 -6 -1 -11 2 -4 -15 -1 8 -15 19 -18
9 -13 12 -20 -20 -16 4 1 16 -18 19 1 2 -3 3
-7 15 4 15 16 12 9 9 19 -6 -6 -11 -12 -6 12
8 3 0 1 -9 9 -12 9 15 -2 -2 -14 3 -1 2
-20 -7 -5 -4 -19 1 10 20 -7 14 -8 7 -7 -9 -20
1 -16 -9 1 -13 -18 16 0 10 -18 1 13 -9 1 -18
-7 18 6 11 -7 15 7 -19 2 16 -1 3 -5 15 -19
