20 20
5 -16 -7 -14 -7 6 19 2 13 -11 6 9 20 20 -18 16 5 1 -12 -15
-15 10 -16 15 -2 -9 17 -7 -16 -19 -19 -13 18 20 5 -16 2 -8 2 15
-9 20 14 12 4 -6 -13 -9 -7 -10 18 5 14 12 18 14 5 10 -11 -13
6 14 -2 -4 -7 11 -15 0 -7 -4 -16 17 13 -11 20 -4 -3 15 7 -16
-16 -14 2 -5 10 -2 18 17 -13 -14 -8 20 -12 -19 -8 4 16 -4 13 -5
2 6 4 3 17 4 18 -18 -5 17 12 -7 -17 20 -9 17 19 4 -5 -2
8 -16 -1 -16 13 -14 -15 -9 -18 15 14 -14 1 2 1 3 -5 20 -1 18
-17 8 7 9 11 -17 20 -9 11 -9 -12 7 -10 -15 15 -6 2 11 20 4
-4 -17 -5 6 4 -5 -8 -11 -4 -7 -11 -19 6 -12 -19 6 -5 -11 1 12
0 13 11 3 -19 4 10 5 -4 5 -2 17 8 7 19 -17 -18 -17 8 5
13 3 11 8 -5 5 5 10 11 -17 -8 9 -15 -8 14 -14 -16 5 7 -12
-12 1 -18 13 -15 -20 15 -12 12 3 9 19 -10 6 -13 12 -9 -20 -14 0
14 18 -10 -12 2 0 2 -13 -6 9 11 -9 -8 20 5 -5 5 2 -1 -1
-2 10 17 -15 19 -17 0 -14 -20 17 -8 -2 13 8 -14 -1 -11 20 -1 20
-15 -16 -12 -2 19 11 -14 16 11 -16 -3 -5 3 -1 -4 19 -4 4 20 -5
-17 -19 5 20 16 -14 -14 15 -20 2 2 4 10 -4 -7 2 6 20 -8 -12
18 1 0 -6 -9 10 4 17 -10 -4 18 19 2 8 3 -1 -14 -9 -1 9
-13 -20 17 -5 10 11 7 -3 -9 2 6 11 -15 -17 -13 11 4 17 -19 15
-4 2 -3 -13 -11 4 12 -8 -3 -19 -4 -2 0 7 -16 -3 -17 10 5 -1
-18 -12 2 -1 -1 12 9 1 -5 -15 10 -19 -5 -4 -18 -20 11 10 5 -12
