20 20
-11 -18 -12 -3 7 3 -10 9 -7 3 -17 -13 18 -8 -12 -13 5 -12 -15 20
-9 -5 -14 0 -19 -7 -17 9 -11 9 -7 -14 -15 16 4 11 7 13 3 9
11 -20 20 6 0 14 3 -10 -4 -12 -8 7 5 -4 -13 4 -7 -7 -9 -1
10 0 0 -13 -2 15 -6 -12 14 19 18 -18 -3 -13 7 1 -3 -4 -15 3
3 4 -12 -14 -8 -20 -9 8 3 15 -15 9 20 -16 5 -8 -4 -3 -17 -4
0 6 1 -16 5 1 -19 11 -13 -14 2 8 -13 -18 -4 -11 -3 20 -15 -16
12 -11 7 17 -15 -2 19 15 -5 6 20 -12 -13 20 11 -9 -11 2 4 1
2 15 -5 -8 20 -10 20 -1 7 -20 -7 -13 12 -10 3 3 -8 -11 19 4
3 -17 9 -19 0 -6 16 18 -3 -17 -4 -9 -15 -6 -4 -11 -16 -6 -10 -11
7 16 17 19 -3 3 10 11 -2 -17 15 -17 7 4 10 -19 -19 15 0 -1
-1 19 -16 -20 -10 10 18 -7 -9 -20 -15 15 4 -2 -6 -9 -10 18 -8 7
10 -12 -20 -12 17 -13 -5 17 13 -19 14 0 -17 20 5 -9 -16 19 -18 7
-7 -8 5 19 1 4 -16 -4 20 -16 5 17 10 8 2 -17 13 13 20 14
6 -18 -13 -4 -9 7 19 20 -18 2 1 -4 -10 -4 -11 20 17 0 0 1
-12 -10 4 13 18 19 -19 -19 -16 6 7 -8 0 -20 -20 16 14 18 4 -16
-7 -20 -9 -12 -16 -2 1 18 6 5 18 -3 2 -14 -3 7 -8 1 -18 -2
14 -1 5 0 4 12 18 -18 -3 17 -5 -16 11 7 1 -20 -6 -3 7 0
-7 -1 -20 6 -9 -5 -2 -10 18 19 -2 -3 18 -5 -2 -6 -17 16 9 -13
8 -1 -15 -6 12 -17 19 9 -9 19 15 -12 -16 -8 16 -9 12 9 -1 -8
-8 -7 -14 18 -3 17 9 2 14 14 4 -6 -4 -11 -10 -13 -11 -16 -17 -9
