20 20
9 -19 -19 5 4 -9 3 -1 4 -2 1 11 -1 -5 -18 1 -11 5 4 -3
2 8 -8 -2 15 13 -11 -8 11 -18 5 -18 -19 -11 -19 4 -11 -3 -3 -16
14 14 -9 -9 13 -7 1 9 -13 -10 18 -6 13 14 2 8 11 -6 9 -6
10 -10 20 14 -9 4 -20 -10 18 2 17 -16 3 -12 -13 19 -11 12 7 16
-17 17 -1 13 -19 -10 9 6 -20 18 16 7 8 7 8 1 17 -18 7 1
-5 -3 3 -7 17 -6 11 -11 -15 3 17 -12 -9 -5 -16 18 10 -2 -2 17
-16 10 -4 0 -20 -12 -6 4 0 2 -8 8 -14 2 6 -4 -11 -14 19 -3
12 -15 19 16 -15 7 5 -19 6 20 -3 18 16 -20 -18 -1 -5 -7 1 -17
-18 -15 -10 8 16 3 10 -14 -16 -2 15 17 -7 -17 -12 -20 1 -10 -15 -19
17 -11 -5 2 -12 6 18 -7 7 -1 19 -8 -10 -19 -5 -18 -18 20 9 19
16 -15 17 17 13 -15 20 13 -5 -17 -6 15 -4 -2 0 15 -9 16 4 -17
-6 -13 -18 -3 -1 -9 2 16 -15 2 7 1 7 -16 3 12 -15 8 17 17
-6 2 5 0 -1 -6 -5 -1 9 16 6 14 11 -6 18 -19 -15 10 -20 6
18 -20 -6 11 14 6 12 19 -10 18 10 5 6 14 7 -8 -4 2 -10 18
-6 -19 -2 9 7 -12 -15 -7 -10 -4 -12 14 3 17 4 10 0 -4 -11 -5
-1 -5 9 6 -14 3 -4 4 -1 -1 -13 -17 -11 6 16 13 -20 16 2 5
2 5 3 16 5 -6 18 2 -1 11 -8 -20 17 7 -6 -15 3 -11 -17 16
-14 10 7 14 -20 9 -1 9 -9 -12 0 20 3 9 11 10 -2 -17 -19 14
-3 6 6 4 -14 -20 4 -2 2 2 -16 9 3 8 15 -14 -17 19 10 -20
13 15 20 -11 6 -14 -9 0 3 3 17 6 -7 4 10 -1 9 12 9 15
