20 20
-14 20 10 -1 -13 2 -20 -12 16 10 8 -18 -9 -2 9 -14 18 16 -7 6
11 7 6 -2 8 0 -1 18 -5 -2 10 -17 18 -2 14 -7 4 4 7 13
15 7 -16 -3 10 -20 11 12 9 4 -3 13 -11 -13 4 -4 3 -9 -13 -9
-12 -6 -14 11 -16 17 -4 -4 -13 17 -2 3 -17 3 7 -4 8 -16 10 -7
19 -15 20 0 20 13 14 -15 16 19 -8 -6 14 1 -19 -1 -19 15 1 13
12 -19 -4 16 16 -4 -15 -19 -7 -20 -7 -15 3 14 3 11 1 -20 -11 -16
10 -18 -11 19 -12 -11 -6 18 16 -8 13 -2 -19 -15 -14 -6 15 -14 9 -3
15 14 14 -7 19 12 -2 8 -10 14 15 10 1 0 13 -14 -18 -13 4 1
6 -8 -9 12 -1 4 -7 7 -11 -10 10 -13 -14 9 18 -18 10 -9 -19 -6
15 -1 -7 15 15 -12 -19 8 3 1 -16 -5 -18 -16 -7 18 16 8 18 -19
-13 18 -18 -2 -18 -1 -7 13 -3 19 5 18 -17 -1 2 12 16 -17 3 8
-10 -16 14 -15 -13 4 -11 18 9 -18 -20 4 3 -3 -13 -7 -15 12 -8 15
-17 -7 -2 -2 15 2 -20 15 -14 18 2 10 -12 14 13 -2 -15 -15 -8 -14
-8 19 20 15 -9 8 3 10 -3 -9 -14 -11 0 16 -13 14 -4 2 17 15
-19 -9 19 17 10 11 -16 9 2 11 18 19 2 -19 1 19 -18 -11 -13 -6
-4 -16 9 0 19 -17 6 -19 2 10 19 8 -17 11 -5 -2 16 10 13 5
-6 16 -2 19 -16 -17 19 14 3 -1 -20 14 0 0 -13 -8 -19 -4 -11 9
-7 -1 15 -6 11 12 -11 11 -7 -16 16 -8 -6 17 -14 -13 19 2 -3 2
12 7 -12 -4 11 -8 15 -9 -8 17 15 -9 9 19 -17 18 -2 -12 -10 4
-12 6 1 18 9 -9 -19 2 5 -9 6 20 6 -6 1 -20 -15 4 16 15
