25 25
-8 14 -5 -9 19 15 0 7 1 3 -12 -14 5 -11 -6 15 17 8 -12 12 -1 1 -11 -13 15
18 20 14 -7 8 -10 -10 8 8 10 16 14 19 16 -14 0 -13 15 8 -4 -9 -9 -17 4 -8
11 10 -10 -13 10 -12 -16 19 -2 1 -12 10 -11 -1 -19 19 -18 3 16 11 -2 13 0 -18 -13
-13 0 -19 -18 -16 8 -9 -5 15 15 10 -3 -20 -20 5 17 6 -3 1 17 5 9 4 -12 -11
-11 11 -18 19 -18 2 12 12 -16 -13 -6 3 10 -16 19 -8 -16 12 -1 6 1 -12 -16 -13 -13
-19 -18 15 -12 0 -17 -2 -2 13 -3 -13 -17 -18 18 -17 18 6 5 -14 15 5 -13 14 14 13
18 -12 -15 -10 -7 -6 20 -10 11 11 10 0 -14 -15 -11 17 -12 4 -20 -18 2 18 9 5 9
-16 -4 -20 7 2 -4 -4 2 -9 18 6 7 -13 14 11 -14 -6 9 12 15 -5 6 14 3 4
13 3 16 -20 -10 10 17 -2 -3 8 -1 3 3 11 -7 18 -4 -12 -18 -5 -13 20 2 -18 9
-16 -11 -18 13 0 -17 20 -5 -1 11 -17 -2 12 -17 7 18 -6 2 -6 -2 20 -14 -18 0 -17
-2 -3 -16 -18 10 -18 9 -20 13 17 13 -5 12 4 13 10 17 -16 -11 -6 6 17 17 12 -17
7 5 -1 -17 -5 3 -10 -20 -14 -20 5 7 11 12 -3 10 2 5 8 1 3 -6 -17 16 -18
19 -13 1 -9 -1 -2 6 12 -18 5 5 -19 6 1 15 -1 -14 -20 -9 8 4 -11 9 -19 -8
6 -18 0 19 -15 6 14 -19 -6 2 -12 5 -18 -7 -14 18 -8 12 13 18 7 -7 3 19 -10
13 11 1 -3 5 15 -17 -16 -16 -7 -17 13 14 -12 -12 -16 -11 5 8 2 -1 -14 20 -14 2
-5 -1 -4 4 -11 -7 17 -20 -4 1 -2 5 -16 5 -2 -15 -1 2 -8 20 -9 4 -5 18 -12
-6 2 -5 -7 17 -11 12 10 -19 -2 12 10 3 18 18 -9 13 -10 -10 18 15 -2 7 -9 10
10 -15 15 -19 5 -18 20 -20 20 8 -9 -7 18 -20 8 -15 16 -1 -16 6 15 4 10 -4 -3
-10 0 9 -2 6 -7 -10 -7 -20 4 -19 -7 5 -11 -6 5 -6 -14 9 7 -15 2 6 -6 -10
-11 -16 0 -2 -1 19 -11 -8 9 -14 -5 -10 6 0 10 1 2 12 7 17 -1 -7 20 -17 -17
6 10 -13 5 0 19 0 18 -15 -10 -19 15 -3 0 -9 -17 13 -9 -3 -14 19 -1 15 18 17
-12 -12 -18 2 -2 -11 -3 6 -11 7 -6 14 14 -2 -14 -10 -20 -14 -4 -6 12 -20 -5 12 13
15 1 -1 3 6 -6 10 -20 1 14 -14 20 19 -15 -20 3 12 6 9 16 -19 -1 -14 -1 -10
7 20 -14 -18 -5 3 -12 -19 11 -5 -10 -14 -4 13 -16 7 1 -18 7 1 1 -18 9 -7 11
-11 -11 17 5 2 -13 -6 8 14 20 0 -15 4 -20 -16 -15 17 16 -7 16 -8 -19 -2 8 -2
