25 25
6 -4 -19 -20 -12 9 5 7 16 -17 -14 19 4 -16 1 5 6 -4 10 -13 19 18 9 -10 -1
-15 19 11 17 4 -9 17 -11 5 4 2 14 -17 -12 -15 -9 18 14 -12 10 -12 5 0 -2 6
16 -19 0 11 3 1 5 -12 14 -16 -16 -11 -3 19 -20 19 9 7 -8 12 -10 8 14 14 -16
1 -13 -14 -6 -13 -14 -1 9 -9 -17 -4 3 0 -16 -11 10 1 -11 -4 7 -20 5 -19 8 -11
-18 -6 -4 6 -10 -20 -15 -12 1 -12 -4 18 -2 14 -9 -18 -2 7 15 -11 -17 -16 -16 -2 -10
12 4 13 -15 -19 13 1 10 -8 -3 4 -11 4 -1 19 -4 16 12 -14 19 -3 -11 11 -5 2
7 18 13 7 12 -6 -5 -10 9 3 -6 8 11 20 -14 7 12 0 0 14 1 0 8 -6 3
18 -17 4 5 -4 -3 3 -20 -10 -11 -11 11 5 -17 -7 -11 18 -2 11 -5 20 -17 19 9 7
20 12 4 -6 -7 12 -17 -6 -20 -18 -4 20 -9 -4 12 -5 8 19 -4 -3 -18 -15 20 -18 -13
-16 10 -16 -12 -15 18 19 -10 7 -7 0 -8 11 7 -2 -2 15 -20 -13 4 19 13 -3 7 -2
-9 -14 3 0 4 -5 20 2 11 -11 -13 19 -7 8 19 -14 13 -10 1 16 -6 15 -16 4 12
18 13 -3 3 13 0 -5 -9 -17 -9 4 10 -4 -7 -5 2 4 16 18 -7 -9 19 0 19 6
-4 -2 -8 -14 7 9 -11 -7 -8 20 -12 17 1 8 -14 -7 -5 -13 -9 6 10 12 -3 0 -5
20 -14 -10 -19 10 -4 2 -16 -15 -2 -3 -11 7 9 12 10 -12 1 -12 -12 0 13 -6 -6 11
-1 -3 17 -14 -9 11 2 -18 -17 -8 20 16 5 3 -7 -6 7 -15 -10 20 9 -14 -16 4 4
14 -7 -9 12 -16 -5 7 -8 1 20 -14 4 -3 -5 -4 -13 -11 14 0 17 12 19 -11 15 6
-2 1 -8 0 -13 -14 13 -2 11 16 6 -14 2 16 10 -9 -1 10 5 -7 15 -17 -10 -9 5
-9 13 -2 6 17 -8 12 5 10 -13 -15 20 7 5 19 -7 15 -17 -19 5 -16 12 1 -12 2
-10 0 -16 -17 8 13 -5 -9 -20 5 -11 -6 -10 12 6 9 -18 -12 -2 0 17 -12 19 -12 -20
-4 10 20 9 -3 -15 4 -12 -11 4 11 3 -17 -5 1 11 -9 -4 -19 8 -2 -3 2 -11 -6
14 -1 15 20 -4 14 -5 -2 -14 12 -7 9 -17 20 7 -9 5 -2 -18 9 -4 3 15 -5 19
15 4 -10 18 -4 -3 -7 18 -1 19 18 -15 18 -19 0 -4 1 -13 -14 -2 18 -11 7 -7 8
-10 -2 17 13 -17 -15 -9 0 -5 -16 6 13 -2 -16 -1 15 -11 18 19 -12 12 -4 9 17 11
-1 4 3 2 -8 7 11 -17 -11 -17 19 0 -10 -19 7 -15 -15 -19 5 -3 -13 5 -13 -1 14
-17 -5 2 -13 -12 13 -17 3 0 9 -2 -7 -17 9 -15 4 9 17 -13 3 0 6 -6 18 -8
