25 25
-4 -16 9 18 -1 18 6 -5 -19 11 -20 14 -1 -16 18 6 -3 -11 20 3 15 17 -9 -12 18
8 14 -20 14 9 6 7 5 -7 6 -6 2 13 11 8 1 4 0 2 5 -15 -6 3 11 18
-12 -6 1 -2 -1 8 -9 -12 -4 -16 -4 -7 -17 9 -3 -5 7 -8 -20 0 6 -3 -7 -4 6
-5 -8 -14 2 20 16 7 15 2 -12 -14 10 2 -13 0 -12 19 -3 5 4 -8 -10 -15 15 19
12 19 -18 7 -9 14 -16 -18 -11 17 20 -12 8 11 -17 -7 -18 -18 19 6 -4 7 -1 3 -2
-16 5 -6 -19 5 -6 -17 -8 -9 -19 18 2 -7 -9 -4 -2 -14 -10 2 8 -15 -9 12 15 18
-20 6 10 6 4 -4 7 -12 -17 -18 0 14 -12 20 10 6 13 16 -10 12 2 -2 -11 11 18
-6 6 17 -16 -18 -4 8 -15 14 -7 2 -1 -9 -15 -4 -19 16 0 -18 7 -19 2 -10 10 5
20 -20 -18 20 12 -3 -2 9 11 4 -11 -9 -18 -3 -11 9 4 12 12 -7 -18 -20 14 20 -4
-3 2 -11 -6 2 18 -13 16 2 -8 9 -14 8 -13 -14 -9 16 1 -9 0 19 -4 -14 13 -1
-15 -20 2 5 10 6 -16 13 0 9 -20 19 -5 19 11 5 6 -18 19 14 -9 8 13 -3 17
3 -15 11 -7 -16 4 10 -19 -11 10 5 -10 7 2 -3 12 9 17 1 19 11 5 0 -7 -2
12 -9 3 11 20 -16 0 7 -13 -20 -3 -6 4 -9 20 17 -17 9 -15 -10 -13 10 -20 7 -12
3 7 16 13 -17 18 -1 13 -3 -12 -9 -20 -5 -20 -10 -13 -2 2 -20 -13 -4 -6 13 -10 -16
3 12 -5 -15 -17 11 -15 2 -14 -3 7 0 -2 0 3 -8 9 4 -11 -18 -2 -4 0 -3 -13
19 -8 -16 19 19 -4 20 8 20 -18 10 -4 18 -5 -5 9 1 -20 -8 -7 19 4 12 18 11
-15 5 1 -2 -8 20 -3 -14 -10 19 -10 16 12 9 3 -3 -13 2 -18 11 3 15 6 6 -10
-15 7 -11 8 9 -2 19 -15 -20 -16 -16 -8 -18 -5 7 11 6 1 7 -19 4 -12 -18 -14 -11
-12 -9 14 8 -19 -3 -18 -4 -15 -5 3 -12 6 16 -11 20 1 -19 -20 11 9 17 -13 4 11
14 15 5 20 -7 11 -13 -6 8 1 0 -9 -6 4 8 18 5 -7 9 13 -11 -6 -20 -16 -11
8 20 -15 13 16 5 18 -2 10 18 -14 -19 -19 -14 -6 14 -8 19 -18 -9 -19 9 -2 3 3
12 20 -4 -19 -11 1 -10 7 19 -2 -15 16 -15 -5 -2 -19 8 -19 5 -2 11 8 -8 8 -5
0 7 -19 9 -11 8 -11 0 15 8 11 -1 -16 0 -17 -6 11 1 15 -12 7 7 -20 3 19
-15 5 5 -4 6 2 1 14 4 -4 -9 -7 -16 4 -18 3 -20 9 -16 18 3 11 -9 -13 -12
-7 -17 15 20 -2 -5 16 -19 16 -17 3 11 0 11 8 15 4 6 -3 -19 13 -10 -18 -1 18
