15 15
-20 5 2 10 2 2 -13 -11 10 -3 -19 2 -18 -9 8
-6 11 17 -2 11 7 -11 -19 16 8 -3 15 -1 -20 -18
14 16 -11 -15 -18 -12 13 5 -13 -19 1 -3 5 -20 15
7 12 0 -19 -8 10 11 15 3 7 17 12 -11 -17 9
-2 7 -19 11 -4 -3 -6 -6 -11 -8 -6 -18 -12 -5 9
-7 10 0 18 7 -10 0 18 -12 7 10 -6 -20 -7 -18
2 -14 0 -19 1 -19 7 7 -7 12 -8 16 -2 -12 9
16 6 7 11 -7 17 -13 -2 10 -10 -18 -7 -7 17 7
6 16 -6 9 -19 13 -9 9 2 5 8 1 8 -8 -20
-7 3 8 11 -20 -13 -5 -9 -19 -11 15 12 5 18 6
13 9 -18 2 -11 -11 -5 -6 -2 5 -5 3 -1 10 4
18 -2 -18 -13 15 15 -12 -11 16 -5 -20 -20 16 -16 -18
-1 10 -12 9 11 -4 -4 -20 6 5 9 -14 -5 -16 -15
-10 -1 -3 -9 -12 -19 -17 -12 -7 20 9 18 8 16 12
15 14 3 -18 4 -16 -11 -6 -20 -10 -15 11 7 3 -10
