15 15
-1 -12 0 7 -13 -11 18 5 10 9 3 -17 3 -13 20
10 -2 14 -8 18 4 0 7 -5 19 3 16 -4 1 -15
11 -19 -5 -10 -7 18 16 18 7 20 -5 10 3 0 -6
13 -5 -12 5 11 -20 17 -7 -14 12 2 11 -2 17 4
5 12 2 2 19 -6 3 2 -3 5 -3 -16 3 20 17
-19 -5 -15 2 6 -12 -17 -3 -18 -11 1 -14 19 -10 14
20 -12 -12 -10 -10 -6 20 -6 -19 -19 16 12 19 16 20
-15 20 12 14 -17 10 -13 -1 -12 11 -19 -11 19 -1 1
-6 18 -19 -2 -10 10 0 -11 7 -19 -2 16 -18 -11 0
-15 -9 -8 -6 -19 15 15 -5 -17 15 -12 -15 3 12 -18
15 -19 1 -20 19 -14 -12 -9 2 13 20 -11 -14 -7 2
6 5 3 4 2 2 -14 1 -5 12 -2 1 -7 10 6
-8 16 -13 7 14 -12 -20 0 -12 1 10 -13 -6 6 7
-17 -8 -4 -6 -6 -11 -5 -17 -14 -3 12 -8 -8 -11 14
7 10 -12 -11 13 -5 -3 -15 17 -16 -9 2 9 5 -17
