15 15
15 -6 8 -15 0 19 10 13 -3 7 -8 -19 2 10 1
-16 17 -6 -3 7 -18 -4 15 17 3 2 11 -12 7 1
7 12 12 3 -6 -17 2 -5 13 -4 -15 -6 -6 -1 9
-19 6 -12 16 11 10 -9 -4 5 -9 -15 -1 -4 -11 -7
-4 1 -15 -18 5 10 -9 12 -11 -2 9 -9 -8 9 20
-3 -15 -6 -4 15 -12 10 18 11 -10 9 11 -16 1 0
-1 10 14 -11 10 -9 -1 -9 -13 0 16 5 -4 -17 -11
-11 10 -18 18 -18 13 9 -11 -18 16 -15 11 -19 11 -10
10 -9 13 -1 16 -7 -20 -5 12 -11 -1 -9 20 17 9
5 -7 11 -3 5 16 -12 11 5 3 10 19 5 -7 -2
-14 8 6 14 -7 -4 7 3 19 0 -1 -12 -2 -4 -20
-19 13 14 2 15 5 13 -19 14 15 -17 8 8 -19 11
-9 16 1 11 3 18 -7 -10 -8 11 -13 -15 8 15 11
-5 -7 -2 16 12 -12 17 -14 -7 -8 -11 0 -3 15 -13
-12 7 17 0 14 -20 -17 19 -20 -12 17 16 -15 -3 -10
