25 25
-2 -8 1 6 20 -12 7 -4 -2 6 -3 -13 19 5 16 16 -4 13 -16 8 15 -18 -11 4 6
16 -4 13 16 17 -18 -1 13 -18 18 -3 -7 -3 -5 9 -12 9 -3 -14 -6 16 -11 -12 -3 3
0 -3 5 13 0 13 -1 -15 -2 -18 9 11 -10 0 19 -4 19 20 4 8 -14 -6 -3 -7 16
-4 -4 -17 -5 19 -18 0 6 -4 -10 3 11 19 -11 -15 -6 -19 -1 -13 -11 2 -1 -11 0 15
-9 15 -3 -18 13 -18 9 11 4 -17 12 -20 0 7 10 -19 -19 13 -4 -6 -13 -11 -3 7 7
6 16 13 10 4 -11 12 4 -17 3 -1 7 -17 4 -3 -8 -9 -16 17 -7 -17 10 19 -16 10
9 19 9 -10 7 -19 -12 18 1 -6 13 -13 -18 -20 -5 -13 0 -1 -20 -17 14 6 -2 -8 7
12 1 -12 -2 8 -10 16 13 -13 -8 -4 1 -13 6 2 -2 -15 -5 14 -19 -12 -17 3 17 -16
-11 -1 -11 20 20 -17 17 14 19 -19 -14 12 -10 -17 7 11 15 -8 -18 -15 -3 -15 18 0 -3
-19 7 19 -7 3 0 -9 7 3 -13 17 -1 5 -10 -2 3 18 1 16 -16 7 -14 -17 -5 -16
1 -20 18 -17 6 16 -8 -18 6 4 -10 -6 16 -6 -2 -2 14 -20 -17 11 -13 -9 -15 -20 1
-16 -15 10 8 -4 4 -12 11 -4 16 -13 6 2 -12 -12 -11 -8 16 1 -19 -11 -19 2 5 2
-18 -11 10 -18 -2 3 -14 20 2 -18 0 1 -8 -2 -3 -6 5 5 9 12 11 -4 20 -6 -7
0 19 -7 -8 -12 9 1 4 5 -6 1 -17 -8 15 -4 4 10 -4 -19 18 -3 12 19 18 12
1 14 -8 1 15 -6 3 9 4 -14 10 0 18 5 -14 -11 3 1 16 3 18 -2 -5 18 18
-4 -10 -8 2 -19 12 17 20 -4 -11 -2 -13 14 -18 -8 0 -11 -4 14 -13 -20 -4 -8 -2 2
-14 10 -12 12 3 10 13 -18 -20 -13 -10 -15 1 -18 18 -12 -3 9 9 -4 -7 -5 13 3 9
-15 -6 9 -16 -18 10 18 9 -16 -12 -15 11 -15 3 2 10 -13 -20 -12 13 -6 11 5 16 7
8 -11 16 13 -16 18 -2 -7 -10 -2 4 -9 -19 20 9 -7 6 19 9 -13 7 2 2 19 -11
18 11 5 15 10 -1 11 1 19 1 -16 -15 12 12 -15 1 -2 -19 4 1 -20 11 5 -18 -19
-1 -20 8 20 -9 -7 -10 11 16 -5 -16 17 -19 0 16 -7 -10 13 -20 11 -16 -4 10 7 -9
-19 10 -20 2 9 -17 -7 16 -1 9 -15 -1 0 1 -7 -6 5 -7 15 -15 0 -13 -16 17 8
16 15 11 -9 -19 8 3 -9 -5 -3 18 -19 3 -11 19 16 12 -11 -8 -3 0 -14 -2 8 -16
-14 -5 16 14 11 0 -14 9 -12 12 8 15 -7 -11 -8 3 -5 -5 7 6 -18 -4 -2 -4 -16
12 1 16 -4 -2 6 14 20 -20 8 -20 10 -15 -5 -16 -20 -13 -2 1 15 2 5 -20 -5 -5
