15 15
9 -14 -5 -9 16 6 8 -17 -15 5 4 15 12 18 -18
2 11 7 -18 7 11 -4 12 -17 -2 -7 -9 -13 16 -2
-14 -7 3 17 -14 -8 14 8 -20 -9 16 17 -4 12 19
-4 -3 6 0 14 8 14 9 3 -20 -17 5 -15 -20 -20
19 9 -6 -10 11 -1 -2 5 14 -11 -9 9 12 -20 16
17 7 16 5 -13 8 13 5 18 -20 17 2 6 14 11
-7 -3 8 -6 8 5 20 20 -13 10 11 9 18 -16 9
-7 3 -10 8 -13 16 -18 -15 -8 7 -19 -15 2 11 12
5 12 7 18 -8 -18 8 -14 -17 20 -6 -9 14 1 16
16 -17 -12 -11 1 10 13 7 16 13 -7 -10 16 0 1
14 19 -6 -14 -11 -1 1 10 16 12 0 20 10 -17 -2
-17 18 -6 17 -2 14 -2 -16 -1 -10 -3 7 -9 -9 10
-5 8 12 -10 -1 0 10 -17 3 -13 -18 14 -20 -4 -4
13 -13 -9 -16 13 -13 9 7 10 -11 -2 8 7 -6 17
-5 9 5 -6 -14 -17 20 -15 -3 17 -2 -12 -17 -9 14
