15 15
4 -20 19 19 -8 -17 -1 12 -1 -3 -12 20 -15 16 7
-16 -16 4 -17 16 1 10 -8 0 12 17 -11 -8 9 20
-9 10 16 -16 19 6 -3 5 19 15 -6 -18 8 -2 -4
-15 -1 -11 -7 -17 -20 2 -10 -10 -20 0 -10 11 -14 6
8 7 8 19 -10 3 -3 7 -5 19 -20 -13 20 11 19
12 6 10 -7 -5 -6 -5 5 -20 9 -10 -20 17 4 -3
0 4 10 17 6 -20 15 11 7 10 -4 -2 2 -5 -4
-18 -11 8 -1 -1 6 9 13 -6 -10 -15 -16 -3 11 1
10 18 -11 -6 13 7 -9 -12 2 -7 10 -19 16 -1 -19
17 -14 -8 14 3 15 17 -7 -10 10 -4 -8 9 17 -8
14 3 3 -13 -17 -2 9 -19 19 18 -3 14 -19 -10 8
-17 14 4 3 -11 -9 15 19 -13 -11 15 9 -9 16 -7
18 -5 -1 12 -13 -5 11 13 19 -9 3 6 11 13 2
-16 5 6 4 19 7 12 20 -16 -18 0 -9 0 7 -12
0 19 5 1 5 18 0 5 15 4 -2 -7 -10 20 -9
