15 15
11 7 17 4 9 12 3 16 -19 3 20 17 0 3 -4
2 6 11 -12 -4 4 -14 -14 -19 13 -13 9 4 -18 1
-10 11 11 -10 4 -5 -13 11 11 18 8 15 -8 -5 5
-19 5 -1 0 -6 -15 -13 -4 18 1 17 -3 1 -12 -9
16 -11 -19 9 -11 15 10 19 -9 -4 9 -13 10 -1 -19
19 17 -19 3 -18 13 -2 -13 -4 -8 13 18 -10 12 -7
-2 4 -3 -9 19 10 12 -17 6 -1 -3 -15 -10 1 4
14 -19 -18 -1 -11 -9 -4 11 -17 -5 3 -13 -16 2 -13
4 -17 -19 7 6 0 20 11 17 -16 -13 12 7 -14 4
-10 8 -4 9 18 -3 -3 4 -18 5 -1 17 5 -13 -7
1 14 -4 -18 -14 -6 0 17 -19 -14 -2 12 -20 -18 -16
-18 -8 -9 -15 13 7 0 3 -16 16 5 12 6 -8 -19
9 2 -5 7 15 6 -19 17 -1 -18 20 3 -1 -2 9
-13 -14 18 -17 17 11 4 5 -3 8 2 18 -7 -19 -8
-6 -4 7 0 -14 -2 20 13 -10 -17 -5 9 4 -15 20
