20 20
-9 9 3 18 17 2 -6 17 -7 -19 12 3 -16 -3 11 5 7 -16 6 12
-11 -13 -4 0 -19 -10 16 -14 -2 18 -5 -3 18 2 -8 14 14 11 10 9
-6 7 -13 -4 6 16 5 18 -1 -15 3 11 -2 17 7 10 9 18 -13 -9
-12 -14 -5 11 15 2 -1 19 8 -19 1 2 1 -6 5 -13 0 -2 2 -17
8 -7 -3 -18 -17 -5 18 -8 -20 -3 -5 15 -16 9 19 -10 0 -14 13 14
7 16 11 -7 -18 11 0 14 13 7 2 4 4 10 17 3 -3 -20 2 -8
3 14 15 12 19 11 -16 13 5 3 -9 -1 -5 11 -19 -14 6 -16 -10 -13
-9 17 -16 3 20 3 -18 6 -20 17 16 18 -8 -9 15 -18 9 3 -18 -14
10 5 3 9 -11 12 15 -12 11 -3 19 6 8 2 10 12 0 -12 2 -15
10 12 -19 9 -19 17 -7 0 -10 -16 8 -2 10 -9 17 0 6 18 -18 -13
6 -20 6 -9 0 2 -4 -3 6 -8 16 -7 -6 18 -4 14 6 17 9 -18
-7 -1 10 9 -2 9 -15 -15 20 -8 -1 -12 0 -9 5 8 18 -19 -13 -4
18 5 -13 -3 -12 -10 -4 -20 4 20 -14 -20 -11 -13 4 -8 11 -16 12 19
8 5 8 -3 9 -17 12 -17 12 -1 5 -5 10 -10 19 6 10 -11 -15 14
-13 -1 4 14 17 2 -9 -17 -8 5 11 7 10 0 1 -1 0 -1 8 5
-8 -17 2 9 -18 7 8 -11 17 -20 3 -18 10 7 14 -17 16 -4 -5 -4
3 -6 8 17 -2 -9 -3 9 -7 -9 -19 -19 0 17 0 13 3 -1 -14 -3
20 -19 -15 -18 -8 -20 -19 0 -14 -18 -10 2 -16 -9 17 6 -13 -6 -7 16
7 17 6 -4 13 -13 10 10 15 20 -1 17 14 -18 0 -9 10 14 -2 13
-10 5 -14 19 -17 -1 9 1 9 16 -4 13 15 -11 8 20 10 -20 -3 -16
