20 20
3 19 -8 18 -10 13 -10 12 -6 -10 -2 -19 14 -2 -19 20 6 -9 -2 4
-11 -3 13 12 7 -18 -6 -11 4 -1 8 1 -6 -10 17 5 12 17 14 14
4 -14 -12 -18 -16 -7 15 11 -10 6 -4 9 18 10 -1 -2 -20 -6 -16 13
19 16 -3 -12 -7 -4 15 -14 -5 17 2 -18 16 -6 -19 1 11 15 -6 7
-8 -3 -5 20 6 -15 20 9 9 -20 -15 -5 20 10 -19 11 16 16 0 -13
-19 12 17 11 20 -7 -1 -9 -5 -12 -6 12 -14 -4 -17 -17 6 6 1 -17
-6 18 -10 1 14 -6 2 -16 19 -13 -14 7 5 16 10 -18 -8 15 -12 18
0 17 7 -20 17 12 -1 -5 -5 -16 -9 15 6 13 -20 1 -6 -14 12 9
20 6 12 -19 -12 -2 -5 -12 3 -15 20 13 -18 3 -18 3 19 8 -12 -8
-18 -18 7 -16 -3 14 12 4 -12 4 -10 7 -15 17 9 11 19 10 18 12
-11 18 -11 19 -19 -2 -10 8 16 -19 -2 -10 -15 9 -9 9 -18 -17 -2 -18
-9 -6 13 2 -15 14 -2 -19 -15 16 -6 6 17 1 -15 10 -11 14 -20 12
7 0 7 -14 -17 20 10 11 14 3 17 -16 -18 3 0 12 -8 -6 -16 7
16 -19 20 7 -4 7 -20 -9 11 -3 -6 14 -4 -3 -19 -16 -5 -16 18 -17
12 -8 17 18 -4 -5 -18 -19 -12 -11 -11 13 0 -6 -13 14 -19 16 -19 6
-17 4 6 1 -20 -9 -10 8 -8 4 -20 20 -4 -1 -19 -2 10 -13 -19 14
3 18 17 -2 14 -12 1 -5 11 -13 3 -16 16 -11 6 5 -16 7 -8 14
-1 13 11 -14 13 20 7 -16 4 18 -10 20 -12 -4 -11 14 9 12 19 10
1 7 3 -17 10 1 -18 -10 -13 14 -2 -17 14 -15 -20 -7 1 3 0 -14
-10 4 0 9 -15 -19 -17 2 6 1 -17 12 -11 -2 0 6 15 4 15 -18
