15 15
3 9 6 10 -17 -16 11 -20 -10 19 2 -4 18 -16 -14
-18 2 10 6 -1 -2 -2 9 7 4 -5 10 -10 18 -14
-2 17 8 -8 -14 -16 -19 -16 8 -9 -5 6 -15 -4 9
-3 12 -16 -8 10 19 3 16 -12 -4 -12 -1 4 13 -17
5 -19 -3 5 18 -20 -9 6 -7 -4 9 -2 5 -5 3
-15 6 -7 -3 -6 -2 12 -2 5 12 -6 18 2 -20 -18
-19 14 -14 1 7 -13 -9 -19 -16 -9 -4 17 -4 4 -12
13 -2 17 6 1 9 -2 9 -4 1 -18 -19 9 10 13
-18 1 3 7 7 8 12 -15 13 0 -15 -15 -19 2 2
12 3 -1 20 8 5 -15 4 -16 -12 -19 -11 -16 -18 16
18 -8 16 15 -19 -20 -5 0 9 17 15 -1 1 -20 16
15 -18 -7 1 4 18 4 0 -15 -16 2 -16 1 7 -7
-11 -16 -9 4 -4 -8 -8 19 19 10 -16 -1 10 -2 6
-5 -20 -1 7 4 -6 -2 20 3 15 3 -16 -15 -16 -12
-11 -20 2 17 -19 0 3 -14 -15 -3 10 7 -11 -3 0
