25 25
0 -8 -13 0 13 -4 13 16 -20 13 2 -20 -19 -11 6 4 -12 11 0 0 7 -4 12 11 -10
3 2 14 -13 -7 15 9 6 8 17 -14 12 -20 -13 1 -6 -19 5 13 -19 4 16 -3 -8 4
-15 -6 12 -9 -3 12 -12 -2 10 4 -7 12 17 12 1 20 12 8 19 -4 7 -19 7 -13 -13
19 -3 -4 2 12 -1 -12 -15 15 -1 1 19 12 -19 18 -18 -7 9 2 -10 20 15 11 -1 -18
-1 -18 -9 3 -8 -9 19 -8 13 10 20 2 0 -15 -12 -14 20 -15 -18 5 -13 16 17 -4 -11
-16 -13 -20 4 17 2 13 7 2 17 14 4 -10 -18 -18 -19 -3 3 16 0 2 -10 -18 -6 2
-5 -17 -6 -20 -11 -2 13 18 8 -13 -17 -17 -16 0 -5 8 3 14 8 -20 -19 -5 20 -19 6
0 14 11 -9 -3 17 -20 10 -18 -3 9 -18 -7 9 9 18 -6 -1 1 -12 4 -20 12 10 6
4 17 -20 -19 -20 -15 17 -6 15 -9 -8 20 7 -1 -6 14 3 -7 -19 10 20 15 -4 -15 -10
-2 -14 19 -8 -15 14 16 11 10 8 20 1 0 -13 7 18 1 -6 -19 -20 -6 9 3 -18 12
-4 2 -14 18 -1 -7 -17 -16 -17 11 13 -12 -20 -18 -14 -1 -9 -4 -4 3 -10 -13 12 -5 -4
9 -9 -8 18 11 -15 20 18 -20 11 14 -11 -7 -3 2 11 0 -2 -1 -5 -13 -3 -14 -10 -4
-2 5 -14 1 8 -1 -13 3 12 6 0 -19 3 19 -4 8 -11 6 2 -4 -17 10 -18 9 15
3 3 -11 -9 -1 -20 20 16 16 0 -18 11 -11 -19 20 1 -12 -7 -19 -15 -8 -4 -2 2 -1
-10 -5 2 6 13 2 -5 17 -6 9 -10 16 8 10 10 -17 2 -5 1 10 20 -15 -6 11 13
5 17 20 -14 11 -10 -19 -6 -8 -7 -8 -12 7 18 17 10 -13 1 -4 14 15 3 -4 -7 11
-15 19 3 16 4 -3 13 1 -11 -15 -19 -9 -12 -7 18 0 2 19 -14 13 -9 10 -12 0 18
-5 -16 -20 11 -12 -8 7 14 18 -12 13 -6 -15 -5 -19 1 -8 -20 -14 -13 -8 -3 -4 -13 14
11 -15 0 7 -1 11 20 17 9 -13 15 14 -3 13 -14 -16 3 0 20 14 15 3 -8 -7 5
-12 -4 -9 9 -20 -4 2 -4 1 19 -10 8 -6 -1 -15 2 4 -13 -5 -8 16 -5 -6 10 7
-13 -14 11 0 -12 2 -5 6 9 -2 -18 7 11 -8 3 10 -18 -5 -7 -19 1 1 -13 -8 -2
20 19 -14 13 -13 -3 20 -17 13 -1 -14 -16 0 16 -12 -11 -2 17 -18 11 -16 -2 11 -14 20
13 -15 4 -3 6 -5 -9 4 5 4 -7 15 16 -7 -10 0 1 -19 20 -7 0 7 -3 -12 -17
16 18 -11 8 -18 -18 20 0 -11 6 8 -13 2 11 -7 -4 20 -3 8 0 15 15 -15 -8 -2
-5 -9 12 -7 2 -17 -16 11 -3 -20 -15 -13 -7 -11 -19 8 2 6 3 17 14 -12 -17 10 14
