25 25
13 18 -5 -17 -11 11 -6 12 20 -1 -3 10 0 -9 -2 10 -16 8 9 -18 12 4 -16 -13 -3
-2 10 14 18 -20 10 -14 -10 -3 6 -8 3 18 13 -5 -5 -14 2 -15 -14 -4 -20 13 15 2
15 -16 12 16 -17 7 -7 -14 18 13 -1 -2 4 -9 18 8 -9 8 -4 0 10 -5 -16 -1 -19
-18 -12 -4 13 -3 19 8 -15 -9 8 14 8 5 -4 15 -13 15 -18 18 20 -16 -6 2 -2 18
0 3 -13 7 10 10 18 16 11 6 10 -15 6 -9 9 -6 20 9 -2 18 -6 16 6 9 -1
-11 -17 -10 5 8 20 13 -5 19 -17 18 20 -16 20 18 14 -17 -17 -11 17 13 -12 10 7 17
-12 -8 6 8 -5 -4 17 -6 -18 -2 20 -2 19 4 -12 -14 14 -12 -14 -12 -17 7 20 3 -14
6 11 -20 -13 -12 -17 -10 -5 16 -4 -4 0 13 0 -7 -5 -5 8 20 20 -18 -17 9 -14 15
6 13 12 7 10 -2 -5 3 -3 -2 -6 1 -12 12 -11 20 19 15 12 0 19 -1 -1 -8 17
8 16 -6 12 -13 -11 15 -9 18 -1 4 -14 -12 -2 3 -4 10 -11 -17 -10 -17 -7 -13 -17 -7
10 0 15 -14 -16 20 -2 -7 -15 -9 12 16 7 -4 -12 18 10 -8 2 -3 17 3 -1 4 11
14 7 -20 8 14 -20 8 20 5 4 18 -20 15 -17 -20 8 17 -13 -1 -10 -8 -2 -5 15 9
-3 -18 18 8 -19 9 5 2 18 1 -18 -1 -7 -14 2 -15 -4 -5 -14 10 -7 5 -17 17 5
-2 13 18 17 -16 -16 15 -10 5 4 11 -7 -20 16 9 -13 8 6 7 13 7 -10 -9 -7 -20
-13 0 -11 17 7 3 -18 -9 -2 17 2 19 9 -8 19 4 -20 -19 10 -14 15 5 14 -10 -4
-12 -17 -10 -3 0 16 -19 -17 2 15 16 -4 5 -14 -10 3 -5 -7 -16 -14 17 -1 -17 -11 -13
17 -19 16 18 -14 18 -9 -14 -18 12 -5 3 -19 18 -20 -15 -16 11 -7 1 -4 7 -19 8 -20
3 7 -19 -6 -19 -4 6 -4 -10 12 17 -13 7 -18 8 14 10 2 -9 -6 4 -2 -3 3 -19
19 4 1 4 -11 -9 14 16 -9 16 1 11 -9 -18 4 -20 7 -19 19 -5 12 18 17 -17 -12
13 -8 -14 6 -10 -14 -18 -8 -16 -1 -15 -5 -5 1 -5 13 10 -12 -1 18 14 14 -9 11 3
16 -8 -17 0 -18 -7 -8 -9 2 -8 5 3 20 20 12 6 -14 -13 18 9 -4 13 -8 18 -1
18 13 -9 -14 15 9 -1 11 -2 1 11 -6 -6 11 -7 15 0 -10 -1 11 -20 -17 -10 17 12
7 15 15 -7 -5 13 -6 -4 -7 -13 17 17 -15 10 -15 2 -15 -7 11 -4 -15 20 -10 -13 -16
5 -12 -18 -17 -6 -2 1 -2 -18 16 9 14 -3 -19 -20 20 7 11 -4 15 6 -19 -2 -3 4
-3 5 8 -7 15 -11 -6 16 -9 10 10 3 18 -11 -17 8 -15 -10 -4 16 9 -14 -1 13 12
