25 25
-17 -16 -8 1 12 -3 11 2 2 -1 -16 2 -13 11 19 -12 -2 11 8 -13 -4 -14 13 7 -20
11 3 -15 -6 7 12 -15 17 -16 -15 11 1 3 -5 7 16 15 2 -20 20 12 -8 -13 10 -13
9 8 -13 15 1 -3 2 -15 4 -15 -5 0 3 17 -14 -8 -15 -18 20 16 2 -6 -18 -5 20
-17 -11 -4 4 -18 20 13 18 -9 -5 -5 -18 -7 13 14 4 2 12 8 -1 -12 -1 -9 -2 13
-18 -5 19 -10 5 -6 8 -7 12 -10 -12 -5 -16 5 0 2 -12 -20 18 9 20 -1 -2 -7 -4
8 -15 -17 9 5 -11 -3 -18 -6 1 5 -13 -3 8 10 7 0 0 13 -6 13 -4 11 15 -1
9 -3 -13 -11 13 12 18 -1 3 2 1 -9 17 17 -7 13 -19 11 -9 12 -3 -8 -3 6 -6
5 -5 -9 13 11 10 20 4 -10 -16 -8 20 6 -13 0 6 -5 15 -6 13 -5 18 3 5 20
19 -20 -7 -3 -11 -7 -16 3 8 7 -10 -4 -5 -10 -9 15 13 8 3 -14 3 -1 -10 -9 -18
-2 4 -12 9 -14 16 -10 -8 -16 13 -3 -18 -3 1 -3 -3 7 -9 10 -15 1 15 -13 -7 -17
-15 12 11 7 7 -16 0 -18 -2 -10 -10 -14 -14 8 -13 17 7 9 -17 19 10 18 -2 18 -1
18 -13 0 -14 1 -8 12 14 4 9 -4 17 -14 15 19 6 14 20 -11 -1 16 7 3 -1 19
7 -5 6 13 12 -7 2 15 16 -9 -8 -1 -20 4 -18 7 -20 -1 13 -11 12 13 -8 -19 11
-7 -3 6 -12 19 1 -11 -7 1 4 -3 -8 -14 -14 -13 10 9 -4 -12 3 -19 3 -12 -19 16
4 17 -20 -1 17 13 -19 -14 14 9 17 20 4 -20 20 -8 17 20 -15 -16 11 18 -2 -7 19
-14 8 8 0 -5 -1 -5 -16 18 -18 -17 -13 14 -11 4 -6 0 -17 5 17 6 15 -14 0 -20
15 4 14 -6 -9 13 -17 -7 -11 5 -11 2 -16 -6 -19 -7 -2 -6 15 -17 1 5 -1 -4 -14
12 -2 -9 15 -6 -16 6 -4 -3 -12 -1 -12 -12 16 0 -13 -11 18 -11 -5 3 20 -7 -11 -19
5 -14 -9 -18 0 14 -16 4 -8 10 15 -5 -13 12 -8 -7 -20 4 7 -13 -17 -12 -17 16 -4
-15 15 -6 -13 15 12 16 -6 -16 -12 0 -8 8 10 9 -2 -3 -15 -12 -14 -20 2 20 -1 -19
12 -4 16 -19 2 9 11 20 13 14 0 -8 13 -1 1 -5 -3 -6 -9 -1 -7 3 9 3 -14
-13 16 -5 -14 18 -16 6 5 0 -14 -7 0 16 14 16 -19 -18 -4 8 -15 -14 -16 1 -2 -10
1 -11 18 8 6 -17 -18 16 -6 18 10 2 -4 -15 4 -2 2 0 16 -13 -5 5 12 20 3
-17 -1 3 -10 4 2 20 -11 5 8 18 -13 9 -3 8 -1 19 -4 -13 -3 14 15 -8 -18 3
-12 8 -10 -13 -18 3 -12 -19 -12 13 -18 20 0 18 1 -18 -18 -4 -4 2 13 7 6 -6 11
