20 20
7 -13 12 17 19 18 9 6 -14 1 18 16 6 17 17 13 -13 -20 18 10
1 -18 1 10 2 7 5 10 -4 2 2 19 -13 11 15 4 -14 -5 0 -14
-1 17 10 -11 -16 -19 12 20 -12 3 -1 -3 14 16 -14 20 18 -20 9 6
-9 0 4 5 -19 20 8 -8 -8 -19 -7 -11 0 13 15 -5 15 -2 1 -8
20 5 20 15 -6 -16 9 -19 6 12 -7 -2 -16 11 -6 0 -10 7 -16 11
15 -6 -13 -18 -16 6 -19 5 -15 -7 14 -19 13 15 13 20 2 -15 13 -11
18 -13 14 -19 3 -17 13 -10 14 11 -19 10 2 -12 -10 17 0 6 11 3
-15 3 12 -8 6 7 -5 19 10 14 12 9 -14 7 -5 -13 5 -12 -12 -19
2 -11 15 -16 10 19 5 -17 17 -13 7 -20 -13 -2 18 -1 15 -2 19 -16
3 1 12 -16 -9 19 -17 19 -3 7 -14 -7 -4 10 9 -20 10 4 -1 13
-11 -20 12 -9 16 17 -6 2 17 -2 -19 -6 13 20 5 -13 14 2 -1 3
7 9 16 14 1 2 -14 -1 18 10 1 -17 8 -4 -9 3 -10 10 12 -11
2 -19 1 16 18 -9 18 -20 6 -8 -20 -8 1 20 -7 -17 4 15 -6 -1
9 12 5 -4 13 -20 6 1 9 18 -16 17 8 5 -18 8 7 16 -8 11
-13 -19 4 -16 19 4 6 3 -8 -4 -11 19 9 11 17 -10 -17 5 12 -19
-7 2 -5 -4 -19 -6 10 18 -1 -12 16 17 -13 17 10 -10 6 3 10 8
-12 -11 10 8 9 0 16 -4 -11 10 8 -17 18 1 17 -16 2 15 -19 -6
12 2 3 2 6 -16 -6 8 6 15 8 4 -8 -3 -16 20 12 3 -4 -5
-6 14 1 -5 -15 19 5 -11 -1 -4 -3 7 -14 -3 -10 -9 10 10 -18 -2
-10 7 11 -16 18 20 0 -6 9 -14 -11 -4 9 5 -13 -14 20 -9 13 1
