25 25
20 17 20 19 -4 -7 -6 4 -13 -12 16 -13 -2 -11 -19 -12 -13 -11 -10 0 -9 18 7 6 -9
-7 1 -20 1 -10 6 -16 8 -15 -14 -16 17 -17 0 -8 -5 -20 12 -6 7 16 14 7 20 -5
-2 7 18 10 7 -3 -14 8 -1 3 -2 7 1 -14 -11 13 -13 -14 -12 19 -10 8 -4 -18 -17
-8 -11 12 -3 14 8 -6 -18 -7 -1 0 7 10 -3 12 17 -11 -18 5 4 11 -2 0 -5 -17
-17 -5 -7 2 -5 19 -8 19 -8 6 16 11 -19 9 -8 3 -11 2 -8 7 -8 -7 9 -18 12
-1 -8 16 3 -10 11 8 -5 -3 -18 -12 2 9 -17 19 2 14 19 11 -20 -10 -14 -1 6 10
-18 0 3 -14 -15 -15 5 9 -7 2 20 -6 18 7 -18 20 16 -7 10 -8 10 -13 10 -18 -17
-9 -3 15 19 8 9 15 14 -18 -12 -10 12 -12 -14 -3 -6 -3 7 12 7 -8 2 15 -17 -5
1 0 5 5 -11 13 7 20 3 -4 -10 1 -16 -12 -5 0 12 -11 -9 -12 -9 -1 -6 -5 0
6 -12 -9 -14 6 16 -10 -3 1 0 10 -4 15 -19 19 -16 -1 -9 -7 0 10 13 -20 -10 4
-10 -8 2 12 -9 -1 -7 -20 0 -19 -1 -12 7 -16 19 6 -18 -10 -16 5 -6 17 8 8 3
-11 -16 16 14 -17 11 20 -7 8 -10 15 -2 12 1 18 -1 -7 -11 -9 -1 -9 -9 6 -5 -10
10 -19 1 14 10 -2 9 9 6 10 -4 16 13 -7 -20 -5 5 -6 13 10 -7 17 11 -9 7
1 5 -18 8 -11 3 -17 3 -12 15 19 4 2 -1 14 -3 -3 16 -11 -3 -10 8 10 19 1
6 -2 -17 -13 -7 -16 -12 19 7 3 -5 8 7 -14 -4 15 4 15 15 -12 17 1 9 2 10
-15 -12 -8 -14 8 -19 -17 -17 -10 -6 13 -6 13 -17 7 -15 -19 -16 1 -7 -20 2 4 18 -9
20 7 13 -18 7 8 -16 20 5 18 3 11 -19 -8 -1 -9 14 17 -13 9 1 1 9 -18 6
12 10 -16 -14 7 -17 -12 -14 -6 17 8 -3 -15 -6 -14 16 -12 -5 15 -17 13 2 -6 2 19
-17 -1 -2 9 12 5 18 -2 -8 5 0 -15 -9 -18 -14 -20 3 -16 -12 -13 -18 -8 -12 -19 7
-18 5 -12 17 10 -10 16 -15 -17 16 9 19 7 20 8 20 -17 -2 -4 -5 1 12 18 8 16
-20 -5 -20 10 -19 -17 15 -15 -6 -16 1 9 1 20 -17 19 8 18 -1 11 -11 -19 -19 7 -2
9 9 -14 -2 2 0 7 -5 18 -11 4 -10 -13 19 10 13 20 -17 -18 -14 -18 -12 10 9 1
-14 18 4 -20 3 5 -1 -8 18 6 -15 -4 -16 -9 10 3 -3 -8 -9 -18 -10 -20 7 -3 7
20 -7 6 10 12 -18 18 -14 11 -12 11 20 -1 -12 10 10 17 15 -20 5 -4 5 -11 -18 12
-6 6 18 6 6 -10 -14 -8 -8 7 9 17 11 -20 16 14 14 -9 -16 -9 20 5 -8 -18 14
